0.000107408 0.000167157 0.000238706 0.000320079 0.000409462 0.000504085 0.000604929 0.000710099 0.000818869 0.000930977 0.00104637 0.00116442 0.0012853 0.00140716 0.00153326 0.00166339 0.00179377 0.00192699 0.00206265 0.00220006 0.00233999 0.00248183 0.00262466 0.00277035 0.00291768 0.00306716 0.00321856 0.00337192 0.0035264 0.00368266 0.00384138 0.00400137 0.00416356 0.00432736 0.00449251 0.00465946 0.0048274 0.00499685 0.00516746 0.00568063 
0.000260649 0.000394071 0.000546141 0.000713558 0.000893039 0.00108155 0.00127983 0.00148632 0.00170041 0.0019215 0.00215052 0.00238509 0.00262679 0.00287333 0.00312819 0.00338927 0.00365573 0.00392829 0.00420715 0.00449166 0.00478294 0.00507901 0.00538061 0.00568781 0.00599995 0.00631854 0.00664173 0.00697075 0.00730452 0.00764397 0.00798939 0.00833855 0.00869165 0.0090502 0.00941346 0.00978166 0.0101537 0.0105311 0.0109133 0.0119004 
0.000373748 0.000555681 0.000759555 0.000982179 0.00121958 0.00146818 0.00172853 0.00199937 0.00228094 0.00257214 0.0028738 0.00318345 0.00350316 0.00382953 0.00416708 0.00451236 0.0048661 0.00522914 0.0056011 0.00598069 0.0063698 0.00676647 0.00717009 0.00758141 0.00799899 0.00842676 0.00886113 0.00930443 0.0097545 0.0102153 0.0106834 0.0111564 0.0116324 0.0121202 0.0126143 0.013114 0.0136207 0.0141345 0.0146574 0.0159594 
0.000473101 0.000696497 0.00094449 0.00121403 0.00150144 0.00180153 0.00211487 0.00244039 0.00277724 0.00312744 0.00348804 0.00386141 0.00424961 0.00464186 0.00504263 0.00545776 0.00588487 0.00632565 0.00677227 0.00722925 0.0076993 0.00817805 0.00866514 0.00916248 0.00966671 0.0101815 0.0107068 0.0112428 0.0117873 0.0123465 0.012911 0.0134831 0.01406 0.0146524 0.0152526 0.0158572 0.0164722 0.0170951 0.01773 0.0192987 
0.000565087 0.000826206 0.00111467 0.00142735 0.00175979 0.00210689 0.0024684 0.00284689 0.00322987 0.00363578 0.00404846 0.00448117 0.00493693 0.00538814 0.00584223 0.00632102 0.00681466 0.0073314 0.00783819 0.0083648 0.00890757 0.00945919 0.0100214 0.0105957 0.0111785 0.0117712 0.0123773 0.0129965 0.0136245 0.014269 0.0149184 0.0155781 0.0162442 0.0169282 0.0176195 0.0183168 0.0190271 0.0197447 0.0204762 0.0222884 
0.000652032 0.000948409 0.00127504 0.00162831 0.00200247 0.00239571 0.0028007 0.00322829 0.00365534 0.00411337 0.00457645 0.00506497 0.00558337 0.00609079 0.00659691 0.00713564 0.00769237 0.00827947 0.00884366 0.00943543 0.0100445 0.0106646 0.0112969 0.0119418 0.0125978 0.0132631 0.0139436 0.0146399 0.0153453 0.0160668 0.016796 0.0175361 0.0182829 0.0190518 0.0198261 0.0206072 0.0214057 0.0222095 0.0230279 0.0250696 
0.000734914 0.00106498 0.00142806 0.00182046 0.00223325 0.00267189 0.00311928 0.00359116 0.00406223 0.00456954 0.00508234 0.00562333 0.00619954 0.00676273 0.00732026 0.00791657 0.00853403 0.00918678 0.00980881 0.0104633 0.011135 0.0118207 0.0125193 0.0132308 0.0139567 0.0146903 0.0154411 0.016211 0.0169882 0.0177821 0.0185864 0.0194019 0.0202235 0.0210717 0.0219238 0.0227831 0.0236637 0.024547 0.0254478 0.027709 
0.000814434 0.00117675 0.00157483 0.0020048 0.00245493 0.00293773 0.00342701 0.00394096 0.00445563 0.00500987 0.00557181 0.0061628 0.00679351 0.00741062 0.0080195 0.00867163 0.00934732 0.0100627 0.0107427 0.0114586 0.0121913 0.0129402 0.0137024 0.0144784 0.0152703 0.0160695 0.0168873 0.0177334 0.0185736 0.0194371 0.0203127 0.0212002 0.0220928 0.0230154 0.0239413 0.0248746 0.0258327 0.0267909 0.0277698 0.0302425 
0.000890915 0.00128436 0.00171586 0.00218234 0.00266921 0.00319443 0.00372529 0.00428068 0.0048383 0.00543767 0.00604774 0.00668893 0.00737098 0.0080403 0.00869955 0.00940595 0.0101376 0.0109127 0.0116512 0.0124271 0.0132195 0.0140298 0.0148538 0.0156967 0.0165476 0.0174101 0.0182924 0.0192118 0.020112 0.0210431 0.0219868 0.0229439 0.0239044 0.0248979 0.025895 0.0268985 0.0279311 0.0289601 0.0300137 0.032691 
0.00096465 0.00138802 0.00185178 0.00235389 0.00287671 0.00344296 0.004015 0.00461151 0.00521214 0.0058551 0.00651145 0.00720442 0.00793559 0.00865665 0.00936531 0.0101242 0.0109107 0.0117418 0.0125388 0.0133735 0.0142239 0.0150941 0.0159782 0.0168866 0.0177943 0.0187179 0.0196634 0.0206521 0.0216115 0.0226077 0.0236174 0.0246414 0.0256676 0.0267293 0.0277948 0.0288656 0.0299699 0.0310664 0.0321916 0.0350677 
0.00103579 0.001488 0.00198317 0.0025198 0.00307791 0.00368396 0.00429656 0.00493418 0.0055779 0.00626341 0.00696504 0.00770994 0.00848894 0.00926088 0.0100193 0.0108294 0.0116708 0.0125554 0.0134079 0.0143004 0.0152074 0.016136 0.0170789 0.0180508 0.0190142 0.0199967 0.0210047 0.0220583 0.0230759 0.0241363 0.025209 0.0262986 0.0273886 0.0285164 0.029648 0.0307837 0.031957 0.0331186 0.0343125 0.0373821 
0.00110451 0.00158464 0.00211046 0.00268061 0.00327343 0.00391821 0.00457054 0.00524911 0.00593585 0.00666311 0.00740978 0.00820554 0.00903175 0.00985365 0.010662 0.0115228 0.0124178 0.0133555 0.0142599 0.0152111 0.0161729 0.0171579 0.0181583 0.0191919 0.02021 0.0212501 0.0223193 0.0234351 0.0245097 0.0256322 0.0267666 0.0279191 0.0290714 0.0302644 0.0314597 0.0326584 0.0338978 0.0351227 0.0363827 0.039641 
0.001171 0.00167826 0.00223382 0.00283667 0.00346337 0.00414593 0.00483724 0.00555664 0.00628604 0.00705436 0.00784586 0.00869149 0.00956428 0.0104354 0.0112937 0.0122046 0.0131518 0.0141421 0.0150968 0.0161075 0.0171234 0.0181614 0.019218 0.0203115 0.0213853 0.0224804 0.0236092 0.0247851 0.0259161 0.0270994 0.0282935 0.0295071 0.0307202 0.0319763 0.0332331 0.0344935 0.0357961 0.0370828 0.0384067 0.0418491 
0.00123549 0.00176905 0.0023537 0.00298839 0.00364809 0.00436728 0.00509724 0.00585685 0.00662886 0.00743713 0.00827328 0.00916788 0.0100867 0.0110065 0.0119145 0.0128752 0.0138739 0.0149158 0.0159205 0.0169899 0.0180595 0.0191495 0.0202592 0.021411 0.0225407 0.023689 0.0248763 0.0261103 0.027297 0.0285397 0.0297921 0.031065 0.0323378 0.0336548 0.0349718 0.0362919 0.0376556 0.0390027 0.0403881 0.0440105 
0.00129816 0.0018572 0.00247036 0.00313622 0.00382786 0.00458242 0.00535093 0.00615014 0.00696422 0.00781178 0.00869196 0.00963452 0.0105991 0.0115671 0.0125246 0.0135348 0.014584 0.0156768 0.0167313 0.0178583 0.0189811 0.0201228 0.0212843 0.0224924 0.0236754 0.0248765 0.0261214 0.027412 0.028654 0.0299547 0.031264 0.0325949 0.0339259 0.0353022 0.0366777 0.0380561 0.0394792 0.0408852 0.04233 0.0461286 
0.0013592 0.00194282 0.00258416 0.00328054 0.00400292 0.00479203 0.00559882 0.00643714 0.00729234 0.00817875 0.00910216 0.0100915 0.0111013 0.0121171 0.0131238 0.0141834 0.0152819 0.0164249 0.017529 0.0187125 0.0198882 0.0210812 0.0222942 0.0235573 0.0247905 0.0260434 0.0273445 0.0286904 0.0299874 0.0313447 0.0327099 0.0340978 0.0354861 0.03692 0.0383525 0.0397881 0.0412689 0.0427333 0.0442356 0.0482069 
0.00141873 0.00202617 0.00269536 0.00342139 0.00417367 0.00499643 0.00584106 0.00671801 0.00761353 0.00853848 0.00950419 0.0105393 0.0115933 0.0126563 0.013712 0.0148207 0.0159669 0.0171604 0.0183136 0.0195523 0.0207803 0.0220242 0.0232885 0.0246056 0.0258888 0.0271928 0.0285488 0.0299481 0.0312987 0.0327107 0.0341303 0.0355737 0.0370181 0.0385086 0.0399973 0.0414888 0.0430259 0.0445482 0.0461067 0.0502464 
0.00147685 0.00210729 0.00280407 0.00355905 0.00434046 0.00519591 0.00607794 0.00699304 0.00792839 0.00889121 0.00989854 0.0109784 0.0120756 0.0131849 0.0142889 0.0154467 0.0166396 0.0178833 0.0190853 0.0203782 0.0216576 0.022952 0.0242671 0.0256372 0.0269699 0.0283248 0.0297348 0.0311868 0.0325902 0.0340559 0.0355287 0.0370263 0.0385237 0.0400696 0.0416129 0.0431581 0.0447506 0.0463294 0.0479432 0.0522474 
0.00153368 0.00218634 0.00291067 0.0036937 0.00450352 0.00539071 0.00630953 0.00726243 0.00823675 0.00923737 0.0102857 0.0114093 0.0125487 0.0137036 0.0148551 0.0160616 0.0173001 0.0185933 0.0198437 0.0211901 0.0225194 0.0238639 0.0252306 0.0266527 0.0280341 0.0294395 0.0309024 0.0324061 0.0338616 0.0353801 0.0369054 0.0384564 0.0400049 0.0416048 0.0432017 0.0447994 0.0464459 0.0480795 0.0497468 0.0542131 
0.00158931 0.00226337 0.00301495 0.0038255 0.00466331 0.00558124 0.00653607 0.00752664 0.00853919 0.00957709 0.0106662 0.0118325 0.0130137 0.0142131 0.0154113 0.0166655 0.0179488 0.0192906 0.0205887 0.0219878 0.0233664 0.02476 0.0261783 0.0276512 0.0290813 0.0305368 0.0320516 0.0336061 0.0351132 0.0366836 0.0382605 0.0398637 0.0414629 0.0431151 0.0447645 0.0464143 0.0481133 0.0498003 0.0515203 0.0561452 
0.00164381 0.00233847 0.00311709 0.00395448 0.0048199 0.0057678 0.00675808 0.00778591 0.00883586 0.00991083 0.0110402 0.0122482 0.0134708 0.0147137 0.0159576 0.0172589 0.0185862 0.019976 0.0213211 0.0227713 0.024198 0.0256402 0.0271099 0.0286331 0.0301112 0.0316166 0.0331817 0.0347867 0.0363448 0.0379659 0.0395938 0.0412483 0.0428972 0.0446009 0.0463016 0.0480027 0.0497533 0.0514924 0.053264 0.0580439 
0.00169723 0.00241185 0.00321715 0.00408078 0.00497355 0.0059508 0.00697615 0.00804044 0.00912707 0.0102389 0.0114079 0.0126568 0.0139204 0.0152059 0.0164945 0.0178422 0.0192128 0.0206499 0.0220411 0.0235412 0.0250153 0.0265053 0.0280251 0.0295977 0.0311238 0.0326784 0.0342925 0.035948 0.0375561 0.0392271 0.0409052 0.0426101 0.044308 0.0460621 0.0478137 0.0495647 0.0513657 0.0531556 0.0549782 0.0599093 
0.00174958 0.00248367 0.00331517 0.00420457 0.00512449 0.00613044 0.00719028 0.00829029 0.00941321 0.0105615 0.0117692 0.0130583 0.0143627 0.0156899 0.0170228 0.0184154 0.019829 0.0213126 0.0227495 0.024298 0.0258183 0.0273556 0.0289247 0.0305456 0.0321194 0.0337218 0.0353842 0.0370892 0.0387466 0.0404665 0.0421945 0.0439492 0.0456951 0.0474991 0.0492994 0.0510999 0.0529506 0.05479 0.0566626 0.0617406 
0.00180084 0.00255404 0.00341122 0.00432606 0.00527283 0.006307 0.00740062 0.00853535 0.00969445 0.0108786 0.0121245 0.0134533 0.0147977 0.0161657 0.0175426 0.0189787 0.0204351 0.0219641 0.0234465 0.0250421 0.0266078 0.0281914 0.0298089 0.0314773 0.0330983 0.0347481 0.0364577 0.038211 0.0399168 0.0416846 0.0434615 0.0452649 0.0470583 0.0489112 0.050759 0.0526071 0.0545071 0.056394 0.058316 0.0635377 
0.00185111 0.0026232 0.00350531 0.00444519 0.00541885 0.00648046 0.00760728 0.00877593 0.00997084 0.0111902 0.0124741 0.0138416 0.0152256 0.0166338 0.0180542 0.0195326 0.0210314 0.022605 0.0241321 0.0257737 0.027384 0.0290135 0.0306783 0.0323931 0.0340608 0.0357573 0.0375136 0.0393145 0.0410678 0.0428825 0.0447075 0.0465586 0.0483985 0.0502987 0.0521934 0.0540886 0.0560356 0.0579695 0.0599397 0.065302 
0.00190037 0.00269119 0.00359758 0.00456236 0.00556252 0.00665105 0.00781041 0.00901245 0.0102423 0.0114967 0.0128182 0.0142235 0.0156465 0.0170944 0.0185574 0.0200777 0.0216184 0.0232357 0.0248068 0.0264932 0.0281474 0.0298219 0.0315334 0.0332935 0.0350074 0.0367496 0.038552 0.0403996 0.0421998 0.0440603 0.0459325 0.0478307 0.0497167 0.0516626 0.0536031 0.0555443 0.0575374 0.0595172 0.0615347 0.0670347 
0.00194867 0.00275807 0.00368813 0.00467769 0.00570413 0.00681893 0.00801021 0.00924528 0.010509 0.0117982 0.0131572 0.0145996 0.0160608 0.0175482 0.0190531 0.0206143 0.0221961 0.0238561 0.0254707 0.0272011 0.0288987 0.0306173 0.0323746 0.0341794 0.0359387 0.0377256 0.0395733 0.0414665 0.0433132 0.0452183 0.0471374 0.0490814 0.0510122 0.0530036 0.0549893 0.0569751 0.0590133 0.0610383 0.0631017 0.0687346 
0.0019961 0.00282396 0.00377685 0.00479129 0.00584369 0.00698414 0.00820686 0.00947486 0.0107713 0.0120952 0.0134909 0.0149699 0.0164686 0.0179954 0.0195416 0.0211433 0.0227652 0.0244672 0.0261246 0.027898 0.0296379 0.0314003 0.0332025 0.035051 0.0368549 0.0386861 0.0405782 0.042516 0.0444076 0.046357 0.0483222 0.0503109 0.0522863 0.0543215 0.0563516 0.0583814 0.0604638 0.062532 0.0646382 0.0703988 
0.00204269 0.00288882 0.00386398 0.00490317 0.00598104 0.00714672 0.00840034 0.00970108 0.0110291 0.0123879 0.0138197 0.0153347 0.0168703 0.0184359 0.0200231 0.021665 0.0233266 0.0250693 0.0267686 0.0285842 0.0303658 0.0321709 0.0340178 0.0359091 0.0377564 0.0396313 0.0415669 0.0435482 0.0454845 0.0474771 0.049488 0.05152 0.0535387 0.0556174 0.0576911 0.0597637 0.0618878 0.0639963 0.0661422 0.072025 
0.00208843 0.0029527 0.0039495 0.00501336 0.00611623 0.00730686 0.00859108 0.00992387 0.0112826 0.0126765 0.0141438 0.0156941 0.0172662 0.0188698 0.0204979 0.0221791 0.0238801 0.0256632 0.0274036 0.0292603 0.031083 0.03293 0.0348205 0.0367538 0.038644 0.0405616 0.0425398 0.0445641 0.046545 0.0485796 0.0506352 0.0527094 0.0547707 0.0568916 0.0590077 0.0611211 0.0632832 0.0654296 0.0676127 0.0736128 
0.00213343 0.0030157 0.00403326 0.0051219 0.0062492 0.00746425 0.00877912 0.0101433 0.0115323 0.0129612 0.0144634 0.0160484 0.0176563 0.0192974 0.0209657 0.0226857 0.0244259 0.0262486 0.02803 0.0299271 0.0317898 0.033678 0.0356111 0.0375856 0.0395178 0.0414775 0.0434978 0.0455644 0.0475893 0.0496648 0.0517646 0.0538792 0.055983 0.0581447 0.0603 0.0624513 0.0646492 0.0668309 0.0690481 0.0751615 
0.00217763 0.00307776 0.00411538 0.0052288 0.00638009 0.00761897 0.00896444 0.0103595 0.0117783 0.0132417 0.0147783 0.0163972 0.0180406 0.0197188 0.0214267 0.023185 0.024964 0.0268261 0.0286476 0.0305842 0.0324869 0.0344152 0.0363902 0.0384051 0.040379 0.0423797 0.0444414 0.0465496 0.0486172 0.0507326 0.0528765 0.0550307 0.0571745 0.0593755 0.061566 0.0637538 0.0659846 0.0681989 0.0704485 0.0766697 
0.00222108 0.00313903 0.00419599 0.00533384 0.00650885 0.0077711 0.009147 0.0105727 0.0120206 0.013518 0.0150887 0.0167407 0.018419 0.020134 0.0218809 0.0236772 0.0254945 0.0273953 0.0292565 0.0312323 0.033174 0.035142 0.0371584 0.039213 0.0412274 0.0432685 0.0453703 0.0475186 0.0496284 0.0517831 0.0539702 0.0561621 0.058344 0.0605825 0.062806 0.0650283 0.0672891 0.0695345 0.0718132 0.0781378 
0.0022638 0.00319935 0.00427527 0.00543705 0.00663551 0.00792078 0.0093267 0.010783 0.0122594 0.0137899 0.0153944 0.017079 0.0187918 0.0205427 0.0223285 0.024162 0.0260174 0.0279567 0.0298568 0.031871 0.0338515 0.0358589 0.0379161 0.0400095 0.0420639 0.044144 0.0462857 0.048472 0.0506229 0.0528167 0.0550451 0.0572737 0.0594915 0.0617655 0.0640184 0.0662733 0.0685619 0.0708359 0.073142 0.0795663 
0.00230575 0.00325886 0.00435321 0.00553859 0.00676011 0.00806809 0.00950354 0.0109904 0.0124947 0.0140579 0.0156955 0.0174124 0.0191593 0.0209455 0.0227696 0.02464 0.0265324 0.0285097 0.0304485 0.0325008 0.0345198 0.0365657 0.038663 0.0407945 0.0428879 0.0450066 0.0471869 0.049411 0.0516019 0.0538332 0.0561005 0.0583632 0.060615 0.0629232 0.0652026 0.067489 0.0698038 0.0721043 0.0744362 0.080955 
0.00234693 0.00331752 0.00443 0.00563851 0.00688275 0.008213 0.0096777 0.011195 0.0127268 0.0143223 0.0159924 0.0177417 0.0195216 0.0213425 0.0232045 0.0251112 0.0270396 0.0290546 0.0310314 0.0331217 0.0351783 0.0372625 0.0393993 0.0415682 0.0436999 0.0458565 0.0480749 0.050336 0.0525653 0.0548307 0.0571355 0.0594316 0.0617148 0.0640568 0.0663601 0.0686756 0.0710131 0.073339 0.0756946 0.0823051 
0.00238741 0.00337542 0.00450557 0.0057368 0.00700349 0.00835569 0.00984929 0.0113968 0.0129558 0.0145832 0.0162851 0.0180673 0.019879 0.0217337 0.0236331 0.0255756 0.0275397 0.0295917 0.0316064 0.0337334 0.0358278 0.0379498 0.0401254 0.0423309 0.0445003 0.046694 0.0489498 0.0512458 0.0535122 0.0558109 0.0581501 0.0604776 0.0627906 0.0651636 0.0674895 0.0698324 0.0721917 0.0745414 0.0769176 0.0836153 
0.00242722 0.00343244 0.00458006 0.00583374 0.00712231 0.00849612 0.0100182 0.0115958 0.0131819 0.0148406 0.0165738 0.0183888 0.0202317 0.0221195 0.0240554 0.026033 0.0280328 0.0301213 0.0321735 0.0343363 0.0364685 0.0386276 0.0408414 0.0430833 0.0452895 0.0475198 0.0498122 0.0521405 0.0544418 0.0567707 0.0591436 0.0615012 0.0638432 0.066246 0.0685914 0.0709615 0.0733397 0.0757101 0.0781081 0.0848887 
0.00246633 0.00348862 0.00465334 0.00592943 0.00723929 0.00863442 0.0101846 0.0117922 0.0134053 0.0150949 0.0168589 0.0187062 0.0205797 0.0225005 0.0244715 0.0264842 0.0285188 0.0306433 0.0327321 0.0349306 0.0371009 0.039296 0.0415473 0.0438251 0.046068 0.0483341 0.0506607 0.0530195 0.0553546 0.0577118 0.0601161 0.0625024 0.0648714 0.0673029 0.0696655 0.0720599 0.074457 0.0768486 0.0792638 0.0861253 
0.00250481 0.00354393 0.00472558 0.00602393 0.0073544 0.00877056 0.0103484 0.0119861 0.0136261 0.015346 0.0171403 0.0190192 0.0209231 0.0228767 0.0248822 0.0269295 0.0289974 0.0311577 0.0332827 0.0355167 0.0377242 0.0399551 0.0422429 0.0445572 0.0468356 0.0491362 0.0514954 0.0538823 0.0562496 0.0586333 0.0610678 0.0634817 0.0658748 0.0683347 0.0707133 0.0731313 0.0755441 0.0779535 0.0803862 0.0873259 
0.00254265 0.0035983 0.00479674 0.00611723 0.00746779 0.00890451 0.0105098 0.0121775 0.0138446 0.0155945 0.0174182 0.0193282 0.021262 0.023248 0.0252876 0.0273685 0.0294691 0.0316645 0.0338251 0.0360944 0.0383381 0.0406064 0.0429285 0.045278 0.0475923 0.0499259 0.0523156 0.0547293 0.0571265 0.0595356 0.0619982 0.0644385 0.0668552 0.0693415 0.0717336 0.0741747 0.076603 0.0790296 0.0814781 0.0884908 
0.00257995 0.00365181 0.00486693 0.00620933 0.0075797 0.00903642 0.0106689 0.0123662 0.014061 0.0158403 0.0176928 0.0196333 0.0215968 0.0236143 0.0256878 0.0278017 0.0299342 0.0321641 0.0343598 0.0366641 0.0389432 0.0412484 0.0436051 0.0459888 0.0483378 0.0507032 0.0531213 0.0555598 0.0579865 0.0604187 0.062908 0.0653731 0.067812 0.070324 0.0727286 0.0751901 0.0776306 0.0800748 0.0825378 0.0896206 
0.00261668 0.00370435 0.00493611 0.00630014 0.00769017 0.00916634 0.0108256 0.0125522 0.0142749 0.0160834 0.0179641 0.0199347 0.0219276 0.0239761 0.0260826 0.0282295 0.030393 0.032657 0.0348868 0.0372263 0.0395406 0.0418822 0.044273 0.0466879 0.0490712 0.0514671 0.0539131 0.0563738 0.058828 0.0612821 0.0637973 0.0662863 0.0687461 0.0712821 0.073697 0.0761787 0.0786329 0.0810912 0.0835664 0.0907181 
0.00265295 0.00375608 0.00500442 0.00638973 0.00779935 0.00929445 0.0109799 0.0127357 0.0144868 0.0163237 0.0182323 0.0202327 0.0222545 0.0243334 0.0264723 0.0286517 0.0308457 0.0331436 0.0354067 0.0377811 0.0401313 0.0425078 0.044932 0.0473759 0.0497931 0.0522177 0.0546889 0.0571717 0.0596531 0.0621268 0.0646655 0.0671777 0.0696575 0.0722167 0.0746403 0.0771417 0.0796046 0.0820771 0.0845658 0.0917828 
0.00268876 0.00380704 0.00507194 0.00647815 0.00790701 0.00942104 0.0111319 0.0129172 0.0146963 0.0165611 0.0184974 0.0205272 0.0225775 0.0246867 0.0268575 0.0290687 0.0312917 0.0336243 0.0359201 0.0383293 0.0407147 0.0431248 0.045582 0.0480523 0.0505033 0.0529557 0.0554513 0.057953 0.0604597 0.0629524 0.0655147 0.0680483 0.0705449 0.0731271 0.0755585 0.0780788 0.0805527 0.0830377 0.0855366 0.0928172 
0.00272414 0.00385719 0.00513879 0.00656539 0.0080133 0.00954596 0.0112817 0.0130965 0.0149038 0.016796 0.0187594 0.0208187 0.022897 0.0250358 0.0272378 0.0294806 0.0317329 0.0340989 0.0364271 0.038871 0.0412901 0.0437331 0.0462226 0.0487167 0.0512005 0.0536804 0.0561982 0.0587179 0.0612489 0.0637589 0.0663431 0.0688982 0.0714118 0.0740157 0.0764536 0.0789897 0.0814715 0.0839704 0.0864797 0.0938173 
0.00275915 0.00390664 0.00520482 0.00665165 0.00811824 0.00966935 0.0114293 0.0132735 0.0151093 0.0170282 0.0190185 0.0211074 0.0232128 0.0253811 0.0276138 0.0298877 0.0321688 0.0345672 0.0369276 0.0394059 0.0418579 0.044333 0.046854 0.04937 0.0518859 0.0543912 0.0569311 0.0594684 0.0620218 0.0645474 0.0671515 0.069726 0.0722565 0.0748806 0.0773246 0.0798772 0.0823667 0.0848748 0.0873935 0.0947915 
0.00279368 0.00395535 0.00527008 0.00673689 0.0082219 0.00979104 0.011575 0.0134483 0.0153127 0.0172579 0.0192746 0.0213929 0.0235253 0.0257225 0.0279858 0.0302901 0.0326001 0.0350303 0.037422 0.0399343 0.0424177 0.0449241 0.0474758 0.0500112 0.0525597 0.0550893 0.0576483 0.0602015 0.062776 0.0653191 0.0679421 0.0705349 0.0730802 0.0757236 0.0781712 0.08074 0.0832373 0.0857558 0.0882828 0.0957355 
0.00282777 0.0040034 0.00533458 0.0068213 0.00832449 0.00991139 0.0117188 0.013621 0.0155141 0.017485 0.0195277 0.0216754 0.0238345 0.0260603 0.0283539 0.030688 0.0330259 0.0354881 0.0379111 0.0404561 0.0429698 0.0455057 0.0480879 0.0506406 0.0532207 0.0557742 0.0583521 0.0609185 0.0635157 0.0660709 0.0687123 0.0713245 0.0738838 0.0765466 0.0789976 0.0815796 0.0840815 0.0866113 0.0891451 0.0966514 
0.00286144 0.00405078 0.00539829 0.00690495 0.00842599 0.0100306 0.0118607 0.0137916 0.0157134 0.0177096 0.0197779 0.0219546 0.0241406 0.0263948 0.0287177 0.0310816 0.0334473 0.0359406 0.0383941 0.0409713 0.0435139 0.0460786 0.0486902 0.0512583 0.0538693 0.056446 0.0590424 0.0616219 0.0642374 0.0668062 0.0694644 0.072094 0.0746667 0.0773474 0.0797998 0.0823966 0.0849055 0.0874427 0.089984 0.097541 
