0.0443846 0.053839 0.062286 0.069855 0.0766472 0.0827548 0.0882761 0.0932988 0.0979034 0.102164 0.106135 0.109864 0.113393 0.116752 0.119967 0.123057 0.126042 0.128932 0.13174 0.134475 0.137146 0.139756 0.142312 0.144818 0.147279 0.149697 0.152078 0.154419 0.156725 0.158999 0.161241 0.163453 0.165637 0.167793 0.169922 0.172027 0.174107 0.176164 0.178197 0.192729 
0.0587061 0.0698081 0.0796074 0.0882481 0.0958955 0.102712 0.108848 0.11443 0.119563 0.124339 0.12882 0.133059 0.137102 0.14098 0.144715 0.148343 0.151866 0.155301 0.15866 0.16195 0.165179 0.168354 0.171477 0.174553 0.177587 0.180581 0.183537 0.186457 0.189344 0.192199 0.195024 0.19782 0.200588 0.20333 0.206046 0.208738 0.211405 0.21405 0.216672 0.233343 
0.0633071 0.0748967 0.0851012 0.0940766 0.102007 0.109074 0.115437 0.121237 0.126582 0.131565 0.136254 0.140703 0.144957 0.14905 0.153002 0.156847 0.16059 0.164248 0.16783 0.171346 0.174804 0.178207 0.181562 0.184871 0.188139 0.191369 0.194564 0.197723 0.200851 0.203948 0.207016 0.210056 0.21307 0.216058 0.219021 0.221961 0.224878 0.227772 0.230646 0.248078 
0.0655074 0.0773306 0.0877306 0.0968717 0.104947 0.112145 0.118631 0.124551 0.130014 0.135114 0.139919 0.144484 0.148857 0.15307 0.157144 0.161114 0.164981 0.168766 0.172476 0.176123 0.179711 0.183246 0.186734 0.190178 0.193583 0.196949 0.200282 0.20358 0.206848 0.210085 0.213295 0.216478 0.219634 0.222766 0.225875 0.22896 0.232022 0.235063 0.238083 0.255915 
0.0667732 0.0787336 0.0892501 0.0984909 0.106656 0.113937 0.120501 0.126497 0.132035 0.137209 0.142091 0.146733 0.151184 0.155477 0.159632 0.163682 0.167633 0.171501 0.175297 0.179029 0.182704 0.186327 0.189904 0.193438 0.196933 0.200391 0.203814 0.207205 0.210566 0.213897 0.217201 0.220479 0.223731 0.226959 0.230163 0.233345 0.236505 0.239644 0.242763 0.260844 
0.0675851 0.079636 0.0902301 0.0995386 0.107765 0.115102 0.121721 0.12777 0.133362 0.13859 0.143526 0.148222 0.15273 0.15708 0.161293 0.165401 0.169411 0.17334 0.177197 0.180991 0.184729 0.188415 0.192056 0.195654 0.199213 0.202737 0.206227 0.209684 0.213112 0.21651 0.219882 0.223228 0.226549 0.229846 0.23312 0.236372 0.239602 0.242811 0.246 0.264253 
0.0681452 0.0802607 0.0909101 0.100267 0.108538 0.115918 0.122577 0.128666 0.134298 0.139567 0.144543 0.149282 0.153832 0.158224 0.162482 0.166634 0.170689 0.174664 0.178567 0.182408 0.186192 0.189927 0.193616 0.197263 0.200872 0.204445 0.207985 0.211492 0.214971 0.218421 0.221844 0.225241 0.228614 0.231964 0.23529 0.238595 0.241878 0.245141 0.248384 0.266763 
0.0685525 0.0807163 0.0914074 0.100801 0.109106 0.116518 0.12321 0.12933 0.134994 0.140294 0.145303 0.150074 0.154657 0.159083 0.163376 0.167562 0.171653 0.175663 0.179603 0.18348 0.187303 0.191074 0.194801 0.198487 0.202134 0.205746 0.209325 0.212873 0.216391 0.219881 0.223345 0.226783 0.230197 0.233588 0.236956 0.240302 0.243627 0.246933 0.250218 0.268693 
0.0688606 0.0810619 0.0917852 0.101207 0.109541 0.116978 0.123695 0.129841 0.13553 0.140855 0.14589 0.150689 0.155299 0.159752 0.164073 0.168287 0.172406 0.176446 0.180415 0.184322 0.188174 0.191976 0.195734 0.199451 0.203129 0.206773 0.210384 0.213963 0.217514 0.221036 0.224532 0.228004 0.231451 0.234875 0.238277 0.241657 0.245016 0.248356 0.251676 0.270226 
0.0691006 0.0813321 0.0920815 0.101527 0.109882 0.117342 0.12408 0.130246 0.135956 0.141303 0.146359 0.151179 0.155812 0.160288 0.164632 0.168869 0.173012 0.177075 0.181069 0.185 0.188877 0.192705 0.196488 0.20023 0.203935 0.207604 0.211241 0.214848 0.218425 0.221973 0.225497 0.228995 0.23247 0.235922 0.239352 0.24276 0.246148 0.249515 0.252863 0.271476 
0.0692926 0.0815484 0.0923193 0.101784 0.110159 0.117636 0.124391 0.130575 0.136303 0.141667 0.146742 0.15158 0.156231 0.160727 0.16509 0.169347 0.17351 0.177593 0.181607 0.185559 0.189457 0.193306 0.19711 0.200874 0.2046 0.208292 0.211951 0.21558 0.219179 0.22275 0.226297 0.229819 0.233316 0.236791 0.240244 0.243677 0.247088 0.250479 0.253852 0.272516 
0.0694491 0.0817253 0.0925144 0.101995 0.110386 0.117878 0.124649 0.130848 0.13659 0.14197 0.14706 0.151914 0.156582 0.161093 0.165473 0.169746 0.173926 0.178027 0.182058 0.186028 0.189944 0.19381 0.197633 0.201415 0.20516 0.20887 0.212549 0.216196 0.219815 0.223405 0.226971 0.230513 0.234031 0.237525 0.240999 0.244451 0.247882 0.251294 0.254687 0.273395 
0.0695789 0.0818725 0.0926769 0.102172 0.110576 0.118081 0.124865 0.131077 0.136832 0.142225 0.147328 0.152197 0.156878 0.161403 0.165797 0.170085 0.17428 0.178395 0.182441 0.186427 0.190358 0.19424 0.198079 0.201877 0.205638 0.209364 0.213059 0.216723 0.220359 0.223965 0.227548 0.231107 0.234642 0.238154 0.241644 0.245114 0.248563 0.251993 0.255404 0.274148 
0.0696882 0.0819966 0.0928143 0.102321 0.110738 0.118254 0.125049 0.131272 0.137039 0.142443 0.147558 0.152439 0.157132 0.161669 0.166076 0.170377 0.174584 0.178712 0.182772 0.18677 0.190715 0.194611 0.198463 0.202275 0.20605 0.209791 0.2135 0.217178 0.220828 0.22445 0.228048 0.231621 0.235171 0.238698 0.242204 0.245689 0.249154 0.252599 0.256025 0.274802 
0.0697812 0.0821027 0.0929319 0.10245 0.110876 0.118403 0.125208 0.131441 0.137217 0.142632 0.147758 0.152648 0.157352 0.1619 0.166318 0.17063 0.174848 0.178988 0.183059 0.18707 0.191026 0.194934 0.198798 0.202623 0.20641 0.210164 0.213885 0.217576 0.221239 0.224873 0.228484 0.232071 0.235634 0.239175 0.242694 0.246192 0.249671 0.25313 0.25657 0.275375 
0.0698614 0.082194 0.0930336 0.102561 0.110997 0.118532 0.125346 0.131587 0.137373 0.142797 0.147931 0.152832 0.157545 0.162102 0.16653 0.170852 0.17508 0.179231 0.183312 0.187333 0.1913 0.195218 0.199093 0.202929 0.206727 0.210492 0.214224 0.217927 0.221601 0.225247 0.228869 0.232468 0.236043 0.239595 0.243126 0.246637 0.250127 0.253599 0.257051 0.27588 
0.0699311 0.0822739 0.0931225 0.102658 0.111102 0.118645 0.125467 0.131717 0.13751 0.142942 0.148085 0.152994 0.157715 0.162281 0.166718 0.171048 0.175286 0.179445 0.183535 0.187565 0.191542 0.19547 0.199355 0.2032 0.207009 0.210783 0.214526 0.218238 0.221923 0.225579 0.229212 0.232821 0.236406 0.239969 0.243511 0.247033 0.250534 0.254016 0.25748 0.276331 
0.0699922 0.082344 0.0932006 0.102744 0.111195 0.118746 0.125575 0.131831 0.137632 0.143071 0.148221 0.153137 0.157866 0.16244 0.166885 0.171223 0.175469 0.179636 0.183735 0.187773 0.191758 0.195695 0.199589 0.203443 0.20726 0.211044 0.214795 0.218517 0.222211 0.225876 0.229519 0.233137 0.236732 0.240305 0.243856 0.247387 0.250899 0.254391 0.257864 0.276736 
0.0700461 0.082406 0.0932699 0.10282 0.111278 0.118835 0.12567 0.131933 0.13774 0.143186 0.148343 0.153266 0.158002 0.162583 0.167035 0.17138 0.175633 0.179808 0.183914 0.18796 0.191953 0.195897 0.199799 0.203661 0.207486 0.211278 0.215038 0.218768 0.22247 0.226144 0.229795 0.233422 0.237025 0.240607 0.244167 0.247707 0.251227 0.254728 0.258211 0.2771 
0.0700941 0.0824612 0.0933318 0.102888 0.111352 0.118915 0.125756 0.132025 0.137838 0.14329 0.148452 0.153382 0.158124 0.162711 0.16717 0.171521 0.175781 0.179963 0.184076 0.188128 0.192128 0.19608 0.199989 0.203858 0.207691 0.21149 0.215257 0.218995 0.222705 0.226386 0.230045 0.233679 0.237291 0.24088 0.244449 0.247997 0.251525 0.255034 0.258525 0.27743 
0.070137 0.0825107 0.0933874 0.10295 0.111419 0.118987 0.125834 0.132108 0.137926 0.143383 0.148551 0.153486 0.158234 0.162827 0.167292 0.17165 0.175915 0.180103 0.184223 0.188281 0.192287 0.196246 0.200161 0.204038 0.207877 0.211683 0.215457 0.219201 0.222918 0.226607 0.230272 0.233914 0.237533 0.24113 0.244705 0.248261 0.251797 0.255313 0.258811 0.277731 
0.0701756 0.0825554 0.0934374 0.103005 0.111479 0.119052 0.125904 0.132182 0.138006 0.143468 0.148641 0.153582 0.158335 0.162933 0.167403 0.171766 0.176038 0.180231 0.184356 0.188421 0.192433 0.196397 0.200319 0.204201 0.208047 0.211858 0.215639 0.21939 0.223113 0.226808 0.23048 0.234129 0.237754 0.241358 0.24494 0.248502 0.252045 0.255568 0.259073 0.278007 
0.0702106 0.0825958 0.0934829 0.103055 0.111534 0.119111 0.125968 0.132251 0.138079 0.143546 0.148724 0.153669 0.158427 0.16303 0.167505 0.171873 0.17615 0.180348 0.184479 0.188549 0.192566 0.196536 0.200463 0.204351 0.208202 0.21202 0.215806 0.219563 0.223292 0.226993 0.230671 0.234326 0.237957 0.241567 0.245155 0.248724 0.252273 0.255803 0.259314 0.27826 
0.0702422 0.0826325 0.0935243 0.103101 0.111584 0.119165 0.126026 0.132313 0.138146 0.143617 0.148799 0.153748 0.158511 0.163119 0.167598 0.171971 0.176252 0.180456 0.184591 0.188666 0.192689 0.196663 0.200595 0.204489 0.208345 0.212168 0.21596 0.219722 0.223457 0.227163 0.230847 0.234507 0.238144 0.24176 0.245354 0.248928 0.252483 0.256019 0.259536 0.278493 
0.0702711 0.0826661 0.0935622 0.103143 0.111629 0.119215 0.12608 0.132371 0.138207 0.143682 0.148868 0.153822 0.158588 0.163201 0.167684 0.172061 0.176347 0.180555 0.184695 0.188774 0.192802 0.196781 0.200718 0.204616 0.208478 0.212305 0.216102 0.219869 0.223609 0.227321 0.23101 0.234675 0.238317 0.241938 0.245538 0.249117 0.252677 0.256219 0.259742 0.278709 
0.0702975 0.0826968 0.0935968 0.103182 0.111672 0.119261 0.126129 0.132424 0.138263 0.143742 0.148932 0.15389 0.15866 0.163276 0.167764 0.172145 0.176435 0.180647 0.184791 0.188875 0.192906 0.19689 0.200831 0.204734 0.2086 0.212433 0.216234 0.220006 0.22375 0.227467 0.23116 0.23483 0.238478 0.242104 0.245708 0.249293 0.252858 0.256404 0.259932 0.27891 
0.0703218 0.0827251 0.0936288 0.103217 0.11171 0.119303 0.126174 0.132473 0.138316 0.143798 0.148991 0.153952 0.158726 0.163346 0.167838 0.172222 0.176516 0.180732 0.18488 0.188968 0.193003 0.196991 0.200937 0.204844 0.208714 0.212551 0.216356 0.220132 0.223881 0.227602 0.231301 0.234975 0.238627 0.242257 0.245866 0.249456 0.253026 0.256577 0.26011 0.279096 
0.0703441 0.0827512 0.0936584 0.10325 0.111746 0.119342 0.126217 0.132518 0.138364 0.143849 0.149046 0.154011 0.158788 0.163411 0.167906 0.172294 0.176591 0.180811 0.184963 0.189054 0.193094 0.197086 0.201035 0.204946 0.20882 0.21266 0.21647 0.22025 0.224003 0.227729 0.231431 0.23511 0.238766 0.242401 0.246014 0.249608 0.253182 0.256738 0.260275 0.27927 
0.0703648 0.0827754 0.0936857 0.103281 0.11178 0.119378 0.126256 0.13256 0.138409 0.143897 0.149097 0.154065 0.158845 0.163472 0.16797 0.172361 0.176662 0.180885 0.18504 0.189135 0.193178 0.197173 0.201126 0.205041 0.208919 0.212763 0.216577 0.220361 0.224118 0.227847 0.231553 0.235236 0.238896 0.242535 0.246152 0.24975 0.253329 0.256889 0.26043 0.279433 
0.070384 0.0827978 0.0937112 0.103309 0.111811 0.119412 0.126293 0.1326 0.138451 0.143942 0.149144 0.154116 0.158899 0.163528 0.16803 0.172424 0.176728 0.180954 0.185113 0.189211 0.193257 0.197256 0.201212 0.20513 0.209012 0.212859 0.216676 0.220464 0.224225 0.227958 0.231668 0.235354 0.239018 0.242661 0.246282 0.249884 0.253466 0.25703 0.260575 0.279585 
0.0704018 0.0828186 0.0937349 0.103335 0.11184 0.119443 0.126327 0.132636 0.138491 0.143984 0.149189 0.154163 0.158949 0.163581 0.168086 0.172483 0.176789 0.181019 0.185181 0.189282 0.193331 0.197333 0.201292 0.205214 0.209098 0.21295 0.21677 0.220561 0.224325 0.228062 0.231775 0.235465 0.239133 0.242779 0.246404 0.250009 0.253595 0.257162 0.260711 0.279728 
0.0704184 0.0828381 0.093757 0.10336 0.111867 0.119473 0.126359 0.132671 0.138528 0.144024 0.149231 0.154208 0.158996 0.163631 0.168138 0.172538 0.176847 0.181079 0.185244 0.189348 0.1934 0.197405 0.201368 0.205293 0.20918 0.213034 0.216858 0.220652 0.224419 0.228159 0.231876 0.23557 0.23924 0.24289 0.246518 0.250127 0.253716 0.257287 0.260839 0.279862 
0.0704339 0.0828563 0.0937777 0.103383 0.111892 0.119501 0.126389 0.132703 0.138562 0.144061 0.14927 0.154249 0.15904 0.163678 0.168187 0.17259 0.176902 0.181136 0.185304 0.189411 0.193466 0.197474 0.201439 0.205367 0.209257 0.213114 0.216941 0.220738 0.224508 0.228251 0.231971 0.235668 0.239342 0.242995 0.246626 0.250238 0.25383 0.257404 0.260959 0.279988 
0.0704484 0.0828733 0.0937971 0.103405 0.111916 0.119527 0.126417 0.132733 0.138595 0.144095 0.149307 0.154289 0.159082 0.163722 0.168234 0.172639 0.176953 0.18119 0.185361 0.18947 0.193527 0.197538 0.201506 0.205436 0.20933 0.21319 0.217019 0.220819 0.224592 0.228338 0.232061 0.235761 0.239438 0.243093 0.246727 0.250342 0.253938 0.257514 0.261073 0.280107 
0.0704619 0.0828893 0.0938153 0.103425 0.111938 0.119551 0.126443 0.132762 0.138625 0.144128 0.149342 0.154326 0.159121 0.163763 0.168278 0.172685 0.177002 0.181241 0.185414 0.189525 0.193586 0.197599 0.20157 0.205502 0.209398 0.213261 0.217093 0.220896 0.224672 0.228421 0.232146 0.235849 0.239528 0.243187 0.246824 0.250441 0.254039 0.257619 0.26118 0.28022 
0.0704747 0.0829043 0.0938325 0.103444 0.11196 0.119574 0.126468 0.132789 0.138654 0.144159 0.149375 0.154361 0.159159 0.163803 0.168319 0.172728 0.177048 0.181289 0.185464 0.189578 0.193641 0.197656 0.20163 0.205565 0.209463 0.213329 0.217163 0.220969 0.224747 0.228499 0.232227 0.235932 0.239614 0.243275 0.246914 0.250534 0.254135 0.257718 0.261281 0.280326 
0.0704867 0.0829185 0.0938487 0.103463 0.11198 0.119596 0.126492 0.132814 0.138682 0.144188 0.149406 0.154394 0.159194 0.16384 0.168358 0.17277 0.177091 0.181335 0.185512 0.189628 0.193693 0.197711 0.201687 0.205624 0.209525 0.213393 0.21723 0.221037 0.224818 0.228572 0.232303 0.23601 0.239695 0.243359 0.247 0.250623 0.254227 0.257811 0.261377 0.280427 
0.070498 0.0829319 0.093864 0.10348 0.111998 0.119617 0.126514 0.132838 0.138707 0.144216 0.149435 0.154425 0.159227 0.163875 0.168396 0.172809 0.177132 0.181378 0.185558 0.189676 0.193743 0.197763 0.201741 0.20568 0.209583 0.213453 0.217293 0.221103 0.224886 0.228642 0.232376 0.236085 0.239772 0.243438 0.247082 0.250707 0.254313 0.2579 0.261468 0.280522 
0.0705087 0.0829445 0.0938784 0.103496 0.112016 0.119636 0.126536 0.132861 0.138732 0.144242 0.149463 0.154455 0.159259 0.163908 0.168431 0.172846 0.177171 0.181419 0.185601 0.189721 0.19379 0.197812 0.201792 0.205734 0.209639 0.213511 0.217353 0.221165 0.224951 0.228709 0.232444 0.236156 0.239846 0.243513 0.24716 0.250787 0.254395 0.257984 0.261555 0.280612 
0.0705188 0.0829565 0.0938921 0.103511 0.112033 0.119655 0.126556 0.132883 0.138755 0.144267 0.14949 0.154484 0.159289 0.16394 0.168464 0.172881 0.177209 0.181458 0.185642 0.189764 0.193835 0.197859 0.201841 0.205784 0.209692 0.213566 0.21741 0.221224 0.225012 0.228772 0.23251 0.236224 0.239915 0.243585 0.247233 0.250863 0.254473 0.258064 0.261637 0.280698 
0.0705284 0.0829678 0.0939051 0.103526 0.112049 0.119672 0.126575 0.132904 0.138778 0.144291 0.149515 0.154511 0.159317 0.163971 0.168496 0.172915 0.177244 0.181496 0.185681 0.189805 0.193878 0.197904 0.201887 0.205833 0.209742 0.213619 0.217464 0.221281 0.22507 0.228833 0.232572 0.236288 0.239982 0.243653 0.247304 0.250935 0.254547 0.25814 0.261714 0.28078 
0.0705374 0.0829785 0.0939174 0.10354 0.112065 0.119689 0.126593 0.132923 0.138799 0.144314 0.149539 0.154536 0.159345 0.163999 0.168527 0.172947 0.177278 0.181531 0.185718 0.189844 0.193918 0.197946 0.201932 0.205879 0.20979 0.213669 0.217516 0.221334 0.225126 0.22889 0.232632 0.236349 0.240045 0.243718 0.24737 0.251003 0.254617 0.258212 0.261789 0.280858 
0.0705461 0.0829888 0.0939291 0.103553 0.112079 0.119705 0.12661 0.132942 0.138819 0.144335 0.149562 0.154561 0.159371 0.164027 0.168556 0.172978 0.17731 0.181565 0.185754 0.189881 0.193957 0.197987 0.201974 0.205923 0.209836 0.213716 0.217566 0.221386 0.225179 0.228945 0.232688 0.236408 0.240105 0.24378 0.247434 0.251069 0.254684 0.258281 0.261859 0.280932 
0.0705543 0.0829985 0.0939403 0.103566 0.112093 0.11972 0.126627 0.13296 0.138838 0.144356 0.149584 0.154584 0.159395 0.164053 0.168584 0.173007 0.177341 0.181597 0.185788 0.189917 0.193995 0.198026 0.202015 0.205966 0.20988 0.213762 0.217613 0.221435 0.22523 0.228998 0.232742 0.236464 0.240163 0.243839 0.247495 0.251131 0.254748 0.258347 0.261927 0.281002 
0.0705621 0.0830078 0.0939509 0.103577 0.112106 0.119734 0.126643 0.132977 0.138856 0.144375 0.149605 0.154606 0.159419 0.164078 0.16861 0.173035 0.17737 0.181628 0.18582 0.189951 0.19403 0.198063 0.202054 0.206006 0.209922 0.213806 0.217658 0.221482 0.225278 0.229048 0.232794 0.236517 0.240218 0.243896 0.247553 0.251191 0.25481 0.25841 0.261991 0.28107 
0.0705695 0.0830166 0.0939611 0.103589 0.112119 0.119748 0.126658 0.132993 0.138874 0.144394 0.149625 0.154628 0.159442 0.164102 0.168636 0.173062 0.177398 0.181658 0.185851 0.189983 0.194064 0.198099 0.202091 0.206045 0.209962 0.213847 0.217702 0.221526 0.225325 0.229096 0.232844 0.236568 0.24027 0.24395 0.247608 0.251248 0.254868 0.25847 0.262053 0.281134 
0.0705766 0.083025 0.0939707 0.1036 0.112131 0.119761 0.126672 0.133009 0.138891 0.144412 0.149644 0.154648 0.159464 0.164125 0.16866 0.173088 0.177425 0.181687 0.185881 0.190015 0.194097 0.198133 0.202126 0.206082 0.210001 0.213887 0.217743 0.22157 0.225369 0.229142 0.232891 0.236617 0.24032 0.244001 0.247662 0.251303 0.254924 0.258527 0.262111 0.281195 
0.0705834 0.0830331 0.09398 0.10361 0.112143 0.119774 0.126686 0.133024 0.138907 0.144429 0.149663 0.154668 0.159484 0.164148 0.168684 0.173112 0.17745 0.181714 0.18591 0.190045 0.194129 0.198166 0.202161 0.206117 0.210038 0.213926 0.217783 0.221611 0.225412 0.229186 0.232937 0.236664 0.240369 0.244051 0.247712 0.251355 0.254978 0.258582 0.262168 0.281254 
0.0705899 0.0830408 0.0939889 0.10362 0.112154 0.119786 0.126699 0.133038 0.138922 0.144446 0.14968 0.154687 0.159504 0.164169 0.168706 0.173136 0.177475 0.18174 0.185937 0.190074 0.194159 0.198197 0.202193 0.206151 0.210073 0.213963 0.217821 0.22165 0.225452 0.229228 0.23298 0.236709 0.240415 0.244098 0.247761 0.251405 0.255029 0.258635 0.262221 0.28131 
0.0705961 0.0830482 0.0939974 0.10363 0.112164 0.119798 0.126712 0.133052 0.138937 0.144462 0.149697 0.154705 0.159524 0.164189 0.168728 0.173159 0.177499 0.181765 0.185964 0.190101 0.194188 0.198228 0.202225 0.206184 0.210107 0.213998 0.217858 0.221688 0.225492 0.229269 0.233022 0.236752 0.240459 0.244144 0.247808 0.251453 0.255078 0.258685 0.262273 0.281364 
