13289 8211.82 5188.04 3372.69 2258.49 1555.8 1100.04 796.353 588.853 443.768 340.172 264.779 208.953 166.962 134.924 110.158 90.784 75.462 63.222 53.3531 45.3276 38.7491 33.317 28.8005 25.0213 21.84 19.147 16.8553 14.8955 13.2117 11.7586 10.4994 9.40393 8.44738 7.60918 6.8722 6.22216 5.64705 5.13677 4.68275 
85.0411 45.3795 26.463 16.8679 11.8138 9.08513 7.58264 6.73498 6.23596 5.9186 5.69132 5.50431 5.33125 5.15904 4.982 4.79856 4.60926 4.41567 4.21974 4.02345 3.82864 3.63687 3.44946 3.26744 3.09161 2.92254 2.76061 2.60604 2.45892 2.31925 2.18692 2.06177 1.9436 1.83215 1.72716 1.62835 1.53541 1.44805 1.36597 1.28889 
125.16 74.3142 47.0754 31.2309 21.4684 15.1926 11.0245 8.18348 6.20561 4.80396 3.79533 3.05964 2.51637 2.11049 1.80379 1.56937 1.38803 1.24597 1.13316 1.04225 0.967824 0.90588 0.853434 0.80826 0.768691 0.733475 0.701671 0.67257 0.645638 0.620475 0.596775 0.57431 0.552907 0.532436 0.512798 0.493917 0.475735 0.458209 0.441301 0.424985 
136.3 83.2975 54.3953 37.236 26.4157 19.2774 14.3988 10.968 8.49746 6.68258 5.32627 4.29743 3.50672 2.89193 2.4089 2.02581 1.71935 1.47223 1.27147 1.10722 0.971937 0.859791 0.766235 0.687704 0.62138 0.565023 0.516843 0.475402 0.439538 0.408311 0.380954 0.35684 0.335457 0.316382 0.299265 0.283818 0.269802 0.257015 0.245292 0.234492 
140.9 87.0948 57.5751 39.9276 28.7131 21.251 16.1028 12.4448 9.78122 7.80076 6.30154 5.1487 4.2499 3.54055 2.97457 2.51853 2.14781 1.84401 1.5932 1.38475 1.2104 1.06374 0.939681 0.834214 0.744116 0.666793 0.600144 0.542453 0.492313 0.448564 0.410247 0.376562 0.346841 0.320524 0.297141 0.276292 0.257641 0.2409 0.225823 0.212204 
143.291 89.0866 59.261 41.3724 29.9636 22.3421 17.0612 13.2912 10.532 8.46909 6.89825 5.68273 4.72868 3.97052 3.36115 2.86642 2.46107 2.12619 1.84745 1.61383 1.41678 1.2496 1.107 0.984743 0.879443 0.788346 0.709211 0.640199 0.579794 0.526736 0.479977 0.438638 0.401978 0.369374 0.340293 0.314286 0.290965 0.269999 0.251104 0.234034 
144.72 90.2817 60.2787 42.2496 30.7281 23.0144 17.6565 13.822 11.0076 8.89724 7.28503 6.03321 5.04717 4.26049 3.62566 3.10806 2.68212 2.32864 2.03297 1.78403 1.57303 1.39312 1.23888 1.10597 0.990906 0.890848 0.803484 0.726907 0.659544 0.600082 0.547426 0.500655 0.458989 0.42177 0.388435 0.358503 0.331563 0.307259 0.285284 0.265373 
145.66 91.069 60.9489 42.8293 31.2352 23.4623 18.0556 14.1797 11.3266 9.18928 7.55063 6.27562 5.26908 4.46415 3.81298 3.2807 2.84149 2.47598 2.16941 1.91047 1.6903 1.50199 1.34003 1.20001 1.07838 0.972263 0.879293 0.797526 0.725351 0.661426 0.604625 0.554001 0.508754 0.468202 0.431764 0.398943 0.369311 0.342497 0.318183 0.29609 
146.317 91.6199 61.4192 43.2367 31.5925 23.7788 18.3382 14.4339 11.5601 9.39851 7.74178 6.45089 5.43031 4.6129 3.95054 3.40819 2.95987 2.58607 2.27196 2.0061 1.7796 1.58546 1.41812 1.27313 1.1469 1.03651 0.939576 0.854121 0.778512 0.711383 0.651593 0.598174 0.550316 0.50732 0.468594 0.433629 0.401987 0.373287 0.347203 0.323448 
146.801 92.0258 61.7659 43.5373 31.8563 24.0128 18.5476 14.6226 11.7313 9.55462 7.8848 6.58245 5.55174 4.7253 4.05487 3.50525 3.05035 2.67057 2.351 2.08014 1.84904 1.65067 1.47941 1.3308 1.20121 1.0877 0.987856 0.899687 0.821541 0.752041 0.69003 0.634531 0.584718 0.539887 0.499436 0.462848 0.429677 0.399538 0.372097 0.347062 
147.17 92.3354 62.0304 43.7667 32.0579 24.1918 18.708 14.7674 11.8629 9.67486 7.99519 6.68422 5.64589 4.81269 4.1362 3.58111 3.12127 2.73699 2.41332 2.13871 1.90415 1.70259 1.52838 1.37692 1.24481 1.12896 1.02692 0.936702 0.856638 0.785338 0.721637 0.66455 0.613243 0.567005 0.525227 0.487387 0.453034 0.421778 0.39328 0.367245 
147.461 92.5791 62.2386 43.9473 32.2166 24.3328 18.8344 14.8817 11.9668 9.76997 8.08264 6.76497 5.72072 4.88226 4.20107 3.64175 3.17808 2.79032 2.46346 2.18593 1.9487 1.74467 1.56818 1.41471 1.28061 1.1629 1.05913 0.967296 0.885718 0.812999 0.747965 0.689624 0.637137 0.589786 0.546957 0.508125 0.472834 0.440689 0.41135 0.384518 
147.695 92.7429 62.4061 44.0927 32.3444 24.4464 18.9364 14.9739 12.0508 9.84686 8.15341 6.83039 5.78144 4.93879 4.25386 3.69117 3.22438 2.83387 2.5045 2.22466 1.98531 1.77931 1.601 1.44585 1.31018 1.19101 1.08587 0.992757 0.909979 0.836133 0.770038 0.7107 0.65727 0.60903 0.565361 0.525733 0.489688 0.456829 0.426812 0.399336 
147.888 92.9366 62.5438 44.2121 32.4494 24.5397 19.0201 15.0497 12.1198 9.91016 8.21173 6.88436 5.83157 4.98552 4.29753 3.73211 3.26291 2.87014 2.53871 2.25698 2.01589 1.80829 1.6285 1.47197 1.33502 1.21465 1.10841 1.01425 0.930492 0.855727 0.788769 0.728615 0.674417 0.625449 0.581093 0.540812 0.50415 0.470706 0.440133 0.412128 
148.049 93.0712 62.6587 44.3118 32.5371 24.6177 19.0901 15.113 12.1776 9.96311 8.26054 6.92955 5.87359 5.02471 4.33421 3.76652 3.29527 2.90064 2.56751 2.28423 2.0417 1.83278 1.65177 1.49409 1.35609 1.23474 1.12758 1.03256 0.947997 0.872474 0.804801 0.743973 0.689139 0.639571 0.594645 0.553826 0.516652 0.482721 0.451685 0.423241 
148.186 93.1856 62.7562 44.3964 32.6113 24.6837 19.1494 15.1667 12.2265 10.008 8.30196 6.96792 5.90927 5.05802 4.3654 3.79581 3.32284 2.92664 2.59209 2.30749 2.06377 1.85374 1.6717 1.51309 1.3742 1.25203 1.14409 1.04834 0.963102 0.88694 0.818665 0.75727 0.701901 0.651825 0.60642 0.565146 0.527541 0.4932 0.461774 0.432958 
148.303 93.2836 62.8398 44.4688 32.675 24.7403 19.2003 15.2128 12.2685 10.0465 8.33749 7.00086 5.93993 5.08665 4.39042 3.821 3.34657 2.94904 2.61327 2.32757 2.08282 1.87185 1.68894 1.52952 1.38988 1.267 1.15841 1.06205 0.97623 0.899525 0.83074 0.768864 0.713038 0.662533 0.616719 0.575059 0.537086 0.502397 0.470639 0.441507 
148.404 93.3685 62.9122 44.5315 32.7301 24.7893 19.2443 15.2526 12.3049 10.0799 8.36829 7.02942 5.96651 5.11149 4.4155 3.84289 3.36719 2.96852 2.63171 2.34505 2.09942 1.88764 1.70398 1.54387 1.40358 1.2801 1.17094 1.07405 0.987737 0.910566 0.841341 0.77905 0.722834 0.671958 0.625794 0.583801 0.545512 0.510522 0.478478 0.449073 
148.493 93.4425 62.9753 44.5862 32.7782 24.8321 19.2827 15.2874 12.3366 10.1091 8.39522 7.05439 5.98977 5.13324 4.43589 3.86206 3.38527 2.9856 2.64788 2.36039 2.114 1.90152 1.71721 1.55649 1.41564 1.29163 1.18198 1.08464 0.997893 0.920317 0.850712 0.788062 0.731505 0.680308 0.633839 0.591557 0.55298 0.517731 0.485441 0.4558 
148.57 93.5068 63.0302 44.634 32.8202 24.8695 19.3163 15.3179 12.3645 10.1347 8.4189 7.07638 6.01026 5.1524 4.45387 3.87898 3.40123 3.00069 2.66217 2.37396 2.1269 1.9138 1.72892 1.56767 1.42633 1.30186 1.19178 1.09404 1.00692 0.928987 0.859048 0.796083 0.739229 0.68775 0.641006 0.598472 0.559669 0.524191 0.491682 0.461834 
148.641 93.5663 63.0807 44.6776 32.8584 24.9034 19.3467 15.3454 12.3895 10.1576 8.44006 7.096 6.02853 5.16948 4.46989 3.89405 3.41544 3.01413 2.6749 2.38604 2.13839 1.92474 1.73936 1.57765 1.43587 1.311 1.20054 1.10244 1.01498 0.936742 0.866508 0.803265 0.746148 0.694419 0.647448 0.60469 0.565674 0.529993 0.497292 0.46726 
148.704 93.6186 63.1252 44.716 32.8922 24.9334 19.3736 15.3698 12.4118 10.1781 8.45892 7.11349 6.04484 5.18473 4.4842 3.90752 3.42815 3.02615 2.6863 2.39686 2.14869 1.93455 1.74872 1.58659 1.44443 1.3192 1.2084 1.10999 1.02224 0.943714 0.873218 0.809728 0.752378 0.70043 0.65325 0.610293 0.571088 0.535228 0.502355 0.47216 
148.76 93.6654 63.165 44.7505 32.9225 24.9603 19.3836 15.3867 12.4317 10.1964 8.47586 7.12921 6.05949 5.19844 4.49707 3.91963 3.43958 3.03696 2.69655 2.40661 2.15796 1.94339 1.75716 1.59465 1.45214 1.32659 1.2155 1.1168 1.02878 0.950014 0.879283 0.815572 0.758014 0.705868 0.658501 0.615367 0.575994 0.539973 0.506947 0.476607 
148.811 93.7078 63.2011 44.7818 32.9499 24.9846 19.4196 15.4114 12.4498 10.213 8.49117 7.14342 6.07274 5.21083 4.5087 3.93058 3.44974 3.04661 2.70572 2.41533 2.16628 1.95133 1.76475 1.60192 1.45911 1.33327 1.22191 1.12296 1.03471 0.955719 0.88478 0.820872 0.763127 0.710805 0.66327 0.619977 0.580453 0.544289 0.511127 0.480656 
148.857 93.7462 63.2338 44.81 32.9747 25.0067 19.4394 15.4293 12.4661 10.228 8.50505 7.15631 6.08475 5.22208 4.51927 3.94053 3.45932 3.05564 2.71427 2.42344 2.17398 1.95867 1.77175 1.60861 1.46551 1.3394 1.22779 1.12861 1.04014 0.960944 0.889813 0.825723 0.767808 0.715324 0.667636 0.624198 0.584536 0.548241 0.514954 0.484365 
148.899 93.7813 63.2636 44.8358 32.9973 25.0268 19.4575 15.4457 12.4811 10.2417 8.51772 7.16808 6.09572 5.23234 4.5289 3.94961 3.46789 3.06376 2.72197 2.43076 2.18095 1.96532 1.7781 1.61468 1.47132 1.34498 1.23315 1.13376 1.04509 0.965714 0.894409 0.830157 0.772087 0.719457 0.671632 0.628063 0.588276 0.551862 0.518463 0.487767 
148.938 93.8135 63.291 44.8595 33.0181 25.0452 19.474 15.4607 12.4927 10.2528 8.52932 7.17884 6.10576 5.24173 4.53773 3.95792 3.47574 3.07119 2.72902 2.43746 2.18734 1.97141 1.78393 1.62026 1.47666 1.3501 1.23806 1.13848 1.04962 0.970079 0.898619 0.834219 0.77601 0.723249 0.675299 0.631611 0.591712 0.555191 0.52169 0.490896 
148.973 93.8431 63.3161 44.8812 33.0371 25.0622 19.4892 15.4744 12.5073 10.2658 8.53997 7.18873 6.11498 5.25037 4.54584 3.96556 3.48296 3.07802 2.7355 2.44363 2.19321 1.97702 1.78928 1.62538 1.48158 1.35481 1.24259 1.14284 1.05383 0.974131 0.902524 0.837986 0.779647 0.726745 0.67868 0.634884 0.594882 0.558263 0.524668 0.493785 
149.006 93.8704 63.3393 44.9013 33.0547 25.0778 19.5032 15.4871 12.5189 10.2764 8.54979 7.19785 6.12348 5.25833 4.55331 3.9726 3.48961 3.08425 2.74142 2.44927 2.19859 1.98216 1.7942 1.63009 1.48609 1.35915 1.24676 1.14685 1.05769 0.977853 0.906114 0.841452 0.782995 0.73 0.681827 0.637929 0.59783 0.561119 0.527437 0.496471 
149.037 93.8956 63.3607 44.9198 33.071 25.0922 19.5162 15.4989 12.5296 10.2863 8.55888 7.20629 6.13135 5.26569 4.56023 3.97912 3.49577 3.09016 2.74703 2.45459 2.20365 1.98698 1.7988 1.63449 1.49031 1.36319 1.25064 1.15058 1.06129 0.981316 0.909454 0.844675 0.786109 0.733009 0.684739 0.640748 0.600561 0.563765 0.530003 0.498961 
149.065 93.919 63.3807 44.937 33.0861 25.1056 19.5282 15.5097 12.5395 10.2954 8.5673 7.21411 6.13791 5.27196 4.56622 3.98484 3.50123 3.09537 2.752 2.45935 2.20821 1.99135 1.80299 1.63851 1.49417 1.36691 1.25422 1.15394 1.06454 0.984456 0.912492 0.847616 0.788956 0.735768 0.687412 0.64334 0.603075 0.566206 0.532373 0.501262 
149.09 93.9398 63.3984 44.9524 33.0997 25.1178 19.5392 15.5197 12.5486 10.3038 8.57508 7.22135 6.14541 5.27886 4.57261 3.99079 3.50679 3.1006 2.75694 2.46402 2.21265 1.99557 1.80701 1.64236 1.49785 1.37043 1.2576 1.15727 1.06773 0.987519 0.915439 0.850456 0.791695 0.738412 0.689967 0.645811 0.605467 0.568523 0.534619 0.503441 
149.114 93.96 63.4156 44.9673 33.1127 25.1294 19.5495 15.5291 12.5572 10.3117 8.58238 7.22812 6.15173 5.28478 4.57817 3.99603 3.51175 3.1053 2.7614 2.46826 2.21669 1.99943 1.81071 1.64589 1.50124 1.37369 1.26073 1.16029 1.07063 0.990324 0.918145 0.853068 0.794219 0.740853 0.69233 0.648099 0.607684 0.570673 0.536705 0.505467 
149.137 93.9789 63.4317 44.9812 33.1249 25.1402 19.5593 15.5379 12.5653 10.3191 8.5892 7.23446 6.15764 5.29032 4.58238 4.00017 3.51579 3.10969 2.76557 2.47223 2.22047 2.00304 1.81416 1.6492 1.50441 1.37674 1.26366 1.16311 1.07335 0.992942 0.920672 0.855507 0.796578 0.743135 0.694539 0.650239 0.609745 0.572674 0.538648 0.507354 
149.159 93.9977 63.4475 44.9881 33.132 25.1506 19.5686 15.5463 12.5729 10.3261 8.59564 7.24043 6.16321 5.29552 4.58826 4.00554 3.52074 3.11381 2.76948 2.47596 2.22402 2.00643 1.8174 1.65231 1.50696 1.37924 1.26641 1.16575 1.0759 0.995399 0.923036 0.857793 0.798788 0.745274 0.69661 0.652246 0.611705 0.574574 0.540492 0.509144 
149.18 94.0147 63.4579 45.0043 33.1455 25.1587 19.5761 15.5533 12.5794 10.3322 8.60136 7.24482 6.16752 5.29972 4.59232 4.00979 3.52476 3.11764 2.77312 2.47942 2.22733 2.00959 1.82043 1.65521 1.51018 1.38227 1.26898 1.16823 1.07826 0.997687 0.925254 0.859937 0.800862 0.747282 0.698556 0.654132 0.613534 0.576349 0.542215 0.510818 
149.199 94.0304 63.4752 45.0187 33.1577 25.1692 19.5852 15.5614 12.5866 10.3387 8.60731 7.25126 6.17331 5.30498 4.59715 4.01392 3.52866 3.12132 2.77661 2.48274 2.23049 2.0126 1.82331 1.65797 1.51282 1.38481 1.27142 1.17057 1.08055 0.999883 0.927372 0.861982 0.802837 0.749192 0.700404 0.655922 0.615269 0.578031 0.543848 0.512404 
149.217 94.0453 63.4878 45.0296 33.1672 25.1777 19.5928 15.5683 12.5929 10.3444 8.61262 7.25619 6.17791 5.30929 4.6012 4.01774 3.53225 3.12473 2.77985 2.48582 2.23343 2.01542 1.826 1.66055 1.5153 1.38719 1.27371 1.17278 1.08267 1.00193 0.929351 0.863894 0.804687 0.750982 0.702138 0.657603 0.616899 0.579613 0.545384 0.513896 
149.233 94.059 63.4889 45.032 33.1761 25.1856 19.5999 15.5747 12.5988 10.3499 8.61763 7.26085 6.18225 5.31336 4.60503 4.02135 3.53568 3.12797 2.78293 2.48875 2.23623 2.01809 1.82856 1.66299 1.51764 1.38944 1.27587 1.17486 1.08468 1.00387 0.93122 0.865701 0.806435 0.752674 0.703774 0.659189 0.618438 0.581107 0.546835 0.515306 
149.249 94.0724 63.5109 45.0495 33.1847 25.1931 19.6067 15.5808 12.6044 10.355 8.62238 7.26526 6.18637 5.31722 4.60865 4.02476 3.53891 3.13103 2.78584 2.49152 2.23886 2.02061 1.83097 1.6653 1.51986 1.39157 1.27792 1.17684 1.08658 1.00571 0.932995 0.867416 0.808093 0.754279 0.705331 0.660698 0.619902 0.582527 0.548214 0.516646 
149.262 94.085 63.5216 45.0587 33.1927 25.2003 19.6131 15.5866 12.6097 10.3599 8.62687 7.26943 6.19026 5.32086 4.61208 4.02799 3.54196 3.13391 2.78858 2.49413 2.24135 2.02299 1.83324 1.66749 1.52195 1.39358 1.27986 1.1787 1.08838 1.00744 0.934672 0.869037 0.809662 0.755798 0.706803 0.662125 0.621286 0.583871 0.549519 0.517915 
149.279 94.0969 63.5316 45.0674 33.2004 25.2071 19.6192 15.5921 12.6147 10.3645 8.63113 7.26731 6.19395 5.32432 4.61532 4.03106 3.54486 3.13667 2.7912 2.49662 2.24373 2.02526 1.83542 1.66957 1.52395 1.3955 1.2817 1.18047 1.09009 1.00909 0.936263 0.870575 0.81115 0.757239 0.708199 0.663479 0.6226 0.585147 0.550758 0.519119 
149.289 94.1059 63.5396 45.0745 33.2067 25.2129 19.6245 15.597 12.6192 10.3687 8.63505 7.27705 6.19515 5.32755 4.61837 4.03393 3.54759 3.13926 2.79366 2.49897 2.24597 2.02691 1.83707 1.67121 1.52584 1.39732 1.28341 1.18213 1.09169 1.01064 0.937759 0.872024 0.812553 0.758599 0.709519 0.664759 0.623843 0.586354 0.551932 0.52026 
149.305 94.119 63.5504 45.0836 33.208 25.2149 19.6305 15.6023 12.624 10.373 8.63902 7.28072 6.20079 5.33072 4.62135 4.03673 3.55023 3.14176 2.79603 2.50123 2.24812 2.02945 1.83943 1.67342 1.52764 1.39905 1.28512 1.18377 1.09326 1.01215 0.939223 0.873437 0.813918 0.759912 0.71079 0.665992 0.625038 0.587514 0.553048 0.521346 
149.308 94.1267 63.5572 45.0897 33.2201 25.2247 19.6352 15.6067 12.628 10.3768 8.64254 7.28401 6.20388 5.33364 4.62409 4.03933 3.55269 3.1441 2.79826 2.50335 2.25015 2.03139 1.84129 1.6752 1.52935 1.4007 1.2867 1.18529 1.09473 1.01357 0.940592 0.874761 0.8152 0.76116 0.712 0.667164 0.626175 0.588618 0.554131 0.522398 
149.33 94.1392 63.5675 45.0982 33.2273 25.231 19.6406 15.6116 12.6324 10.3807 8.64618 7.28737 6.20699 5.33653 4.62681 4.04188 3.5551 3.14638 2.80042 2.5054 2.25211 2.03326 1.84308 1.67691 1.531 1.40227 1.28822 1.18675 1.09614 1.01493 0.941907 0.876032 0.81643 0.762351 0.713153 0.668282 0.627261 0.589672 0.555155 0.523393 
149.341 94.1484 63.5752 45.105 33.2333 25.2363 19.6454 15.6158 12.6363 10.3843 8.6495 7.29045 6.20987 5.33923 4.62934 4.04428 3.55736 3.14853 2.80246 2.50735 2.25396 2.03503 1.84477 1.67853 1.53256 1.40377 1.28966 1.18815 1.09748 1.01623 0.943159 0.877241 0.8176 0.763484 0.714251 0.669348 0.628295 0.590676 0.556131 0.524342 
149.351 94.157 63.5826 45.1114 33.2389 25.2413 19.6499 15.6199 12.64 10.3878 8.65266 7.29339 6.21262 5.34181 4.63177 4.04656 3.55952 3.15058 2.80441 2.5092 2.25573 2.03673 1.84639 1.68009 1.53405 1.40521 1.29105 1.18948 1.09877 1.01747 0.944355 0.878399 0.81872 0.764569 0.715303 0.670368 0.629285 0.591638 0.557065 0.52525 
149.361 94.1655 63.5898 45.1176 33.2444 25.2461 19.6542 15.6239 12.6436 10.3911 8.6557 7.29622 6.21525 5.34428 4.63409 4.04875 3.56159 3.15254 2.80628 2.51098 2.25743 2.03835 1.84794 1.68158 1.53548 1.40658 1.29237 1.19075 1.09999 1.01865 0.9455 0.879506 0.819788 0.765604 0.716307 0.671342 0.63023 0.592556 0.557958 0.526119 
149.371 94.1738 63.5969 45.1131 33.2497 25.2508 19.6584 15.6276 12.6471 10.3942 8.65862 7.2988 6.21768 5.34657 4.63626 4.05081 3.56354 3.15439 2.80804 2.51267 2.25904 2.03989 1.84942 1.68299 1.53684 1.40789 1.29363 1.19196 1.10117 1.01978 0.946595 0.880565 0.820817 0.766601 0.717273 0.672279 0.63114 0.593439 0.558816 0.52695 
149.371 94.1738 63.5969 45.1131 33.2497 25.2508 19.6584 15.6276 12.6471 10.3942 8.65862 7.2988 6.21768 5.34657 4.63626 4.05081 3.56354 3.15439 2.80804 2.51267 2.25904 2.03989 1.84942 1.68299 1.53684 1.40789 1.29363 1.19196 1.10117 1.01978 0.946595 0.880565 0.820817 0.766601 0.717273 0.672279 0.63114 0.593439 0.558816 0.52695 
149.531 94.306 63.7088 45.2202 33.3342 25.3258 19.7256 15.6885 12.7026 10.4452 8.70576 7.34273 6.25867 5.38497 4.67236 4.08486 3.59576 3.18495 2.83709 2.54034 2.28545 2.06514 1.87361 1.70619 1.55912 1.42932 1.31426 1.21185 1.12036 1.03832 0.964513 0.897903 0.837607 0.782873 0.733054 0.687595 0.646015 0.607893 0.57287 0.540628 
149.603 94.3693 63.7625 45.2665 33.3747 25.3617 19.7578 15.7176 12.7292 10.4697 8.72836 7.36374 6.27829 5.40336 4.68967 4.1012 3.61123 3.19964 2.85107 2.55367 2.29818 2.07732 1.88528 1.7174 1.5699 1.43969 1.32426 1.2215 1.12967 1.04732 0.973226 0.906341 0.845785 0.790805 0.740754 0.695074 0.653284 0.614966 0.579754 0.54733 
149.652 94.4065 63.7939 45.2936 33.3984 25.3827 19.7767 15.7347 12.7448 10.484 8.74166 7.37611 6.28985 5.41421 4.69989 4.11086 3.62038 3.20833 2.85934 2.56156 2.30573 2.08455 1.89222 1.72406 1.5763 1.44586 1.3302 1.22724 1.13522 1.05269 0.978421 0.911375 0.850667 0.795543 0.745355 0.699546 0.657633 0.619198 0.583875 0.551345 
149.679 94.4289 63.8132 45.3104 33.4133 25.3961 19.7888 15.7457 12.7549 10.4934 8.75034 7.38421 6.29744 5.42134 4.70662 4.11722 3.62642 3.21407 2.86481 2.56678 2.31073 2.08934 1.89682 1.72848 1.58056 1.44996 1.33416 1.23106 1.13891 1.05626 0.981884 0.914732 0.853924 0.798706 0.748429 0.702535 0.660542 0.62203 0.586634 0.554035 
149.702 94.4482 63.8293 45.3241 33.4252 25.4065 19.798 15.754 12.7624 10.5003 8.75669 7.3901 6.30294 5.4265 4.71146 4.1218 3.63073 3.21817 2.86872 2.57051 2.3143 2.09277 1.9001 1.73164 1.5836 1.45289 1.33699 1.23379 1.14156 1.05883 0.984367 0.91714 0.856262 0.800977 0.750637 0.704683 0.662633 0.624066 0.588619 0.55597 
149.717 94.4608 63.84 45.3284 33.4298 25.4112 19.8046 15.76 12.7679 10.5053 8.76135 7.39444 6.307 5.43031 4.71507 4.12521 3.63399 3.22127 2.87167 2.57333 2.31699 2.09535 1.90258 1.73402 1.58588 1.45509 1.33911 1.23585 1.14355 1.06075 0.986235 0.918953 0.858023 0.802688 0.752301 0.706303 0.66421 0.625604 0.590118 0.557433 
149.729 94.4704 63.8489 45.341 33.44 25.4196 19.8098 15.7647 12.7721 10.5092 8.76496 7.39781 6.31015 5.43328 4.71787 4.12786 3.63651 3.22366 2.87395 2.57551 2.31908 2.09735 1.90451 1.73588 1.58768 1.45683 1.34079 1.23747 1.14511 1.06227 0.987705 0.920379 0.859407 0.804029 0.753606 0.707573 0.665447 0.62681 0.591294 0.55858 
149.74 94.4794 63.8557 45.3469 33.4451 25.4242 19.8139 15.7684 12.7756 10.5124 8.76792 7.40055 6.31272 5.43565 4.72011 4.12998 3.63852 3.22558 2.87578 2.57726 2.32071 2.09892 1.90602 1.73734 1.58909 1.4582 1.34211 1.23875 1.14636 1.06331 0.988737 0.921398 0.860412 0.805022 0.754582 0.708531 0.666388 0.627733 0.592199 0.559468 
149.74 94.4857 63.8611 45.3516 33.4492 25.4278 19.8172 15.7714 12.7784 10.5149 8.77028 7.40276 6.31478 5.43763 4.72197 4.13174 3.64019 3.22716 2.87729 2.57871 2.32214 2.10029 1.90733 1.73859 1.5903 1.45935 1.34322 1.23982 1.14739 1.06448 0.989848 0.92246 0.86143 0.806001 0.755524 0.709441 0.667267 0.628584 0.593025 0.56027 
149.754 94.4914 63.8659 45.3557 33.4528 25.431 19.8201 15.774 12.78 10.5166 8.7719 7.40434 6.31631 5.4391 4.72339 4.1331 3.6415 3.22842 2.87851 2.57987 2.32326 2.10137 1.90837 1.7396 1.59127 1.4603 1.34414 1.24071 1.14825 1.06531 0.990659 0.923248 0.862196 0.806746 0.756249 0.710147 0.667956 0.629256 0.59368 0.56091 
149.757 94.4934 63.8679 45.359 33.4558 25.4336 19.8224 15.7761 12.7827 10.5189 8.77395 7.40618 6.31799 5.44064 4.72481 4.1344 3.64272 3.22958 2.8796 2.58092 2.32426 2.10232 1.90929 1.74048 1.59212 1.46111 1.34493 1.24147 1.14899 1.06603 0.991352 0.923918 0.862847 0.80738 0.756867 0.710749 0.668543 0.629828 0.594239 0.561456 
149.764 94.4997 63.873 45.3618 33.4582 25.4358 19.8244 15.778 12.7843 10.5204 8.77538 7.40752 6.31924 5.44182 4.72593 4.13549 3.64375 3.23056 2.88053 2.5818 2.32511 2.10314 1.91007 1.74123 1.59284 1.46181 1.3456 1.24212 1.14962 1.06664 0.991948 0.9245 0.863412 0.807929 0.757402 0.71127 0.66905 0.630323 0.594722 0.561928 
149.769 94.5032 63.8759 45.3644 33.4604 25.4378 19.8262 15.7796 12.7858 10.5218 8.77418 7.40869 6.32033 5.44285 4.7269 4.13641 3.64462 3.23139 2.88133 2.58257 2.32584 2.10384 1.91074 1.74188 1.59347 1.46242 1.34619 1.24269 1.15017 1.06718 0.992466 0.925003 0.863902 0.808406 0.757865 0.711722 0.669491 0.630754 0.595143 0.562338 
149.772 94.5063 63.8786 45.3666 33.4624 25.4396 19.8277 15.781 12.7871 10.523 8.77774 7.40971 6.3213 5.44376 4.72775 4.13722 3.64539 3.23212 2.88202 2.58323 2.32648 2.10445 1.91134 1.74245 1.59402 1.46295 1.3467 1.24319 1.15066 1.06764 0.992921 0.92544 0.864328 0.808821 0.75827 0.712117 0.669877 0.63113 0.595511 0.562698 
149.775 94.5087 63.8806 45.3684 33.464 25.4345 19.829 15.7822 12.7882 10.524 8.77869 7.41061 6.32213 5.44455 4.7285 4.13793 3.64607 3.23276 2.88264 2.58328 2.32661 2.10465 1.91157 1.74296 1.5945 1.46342 1.34716 1.24363 1.15108 1.06806 0.993324 0.925837 0.864713 0.809196 0.758635 0.712473 0.670224 0.631468 0.595836 0.563002 
149.778 94.5113 63.8828 45.3703 33.4656 25.4424 19.8303 15.7833 12.7892 10.5249 8.77957 7.41142 6.3229 5.44527 4.72917 4.13856 3.64667 3.23334 2.88319 2.58435 2.32755 2.10548 1.91233 1.74341 1.59494 1.46384 1.34757 1.24402 1.15147 1.06843 0.993684 0.926187 0.865053 0.809527 0.758958 0.712787 0.670531 0.631768 0.596134 0.563307 
149.779 94.5122 63.8837 45.3712 33.4665 25.4433 19.8311 15.7841 12.79 10.5257 8.78027 7.41209 6.32353 5.44587 4.72975 4.13835 3.6466 3.23338 2.88368 2.58482 2.328 2.10591 1.91274 1.74381 1.59533 1.46421 1.34793 1.24438 1.15181 1.06876 0.994006 0.9265 0.865357 0.809823 0.759228 0.713053 0.670792 0.632025 0.596386 0.563554 
149.783 94.515 63.886 45.358 33.4681 25.4446 19.8323 15.7851 12.7909 10.5265 8.78102 7.41278 6.32417 5.44646 4.73031 4.13965 3.6477 3.23432 2.88413 2.58525 2.32841 2.10631 1.91312 1.74417 1.59568 1.46456 1.34826 1.2447 1.15212 1.06906 0.994298 0.926785 0.865635 0.810094 0.75951 0.713326 0.671057 0.632282 0.596635 0.56376 
149.785 94.5168 63.8876 45.3745 33.4693 25.4456 19.8332 15.786 12.7917 10.5272 8.78165 7.41336 6.32472 5.44698 4.7308 4.14011 3.64814 3.23474 2.88453 2.58563 2.32878 2.10667 1.91347 1.7445 1.596 1.46486 1.34856 1.24499 1.1524 1.06934 0.994563 0.927042 0.865886 0.810338 0.759749 0.713558 0.671283 0.632503 0.596852 0.564009 
149.787 94.5185 63.8889 45.3756 33.4703 25.4466 19.834 15.7867 12.7923 10.5278 8.78223 7.41391 6.32523 5.44746 4.73125 4.14054 3.64855 3.23513 2.8849 2.58599 2.32912 2.10697 1.91376 1.74479 1.59628 1.46514 1.34882 1.24524 1.15265 1.06958 0.994801 0.927274 0.866112 0.810559 0.759964 0.713769 0.671489 0.632704 0.597048 0.5642 
149.789 94.5199 63.8901 45.3766 33.4712 25.4474 19.8348 15.7874 12.793 10.5284 8.78276 7.4144 6.32569 5.44789 4.73166 4.14092 3.64892 3.23548 2.88524 2.58631 2.32943 2.10729 1.91406 1.74508 1.59656 1.4654 1.34908 1.24549 1.15289 1.06981 0.995027 0.927493 0.866325 0.810765 0.760165 0.713965 0.67168 0.632891 0.59723 0.564379 
149.79 94.5212 63.8912 45.3591 33.4447 25.4481 19.8354 15.788 12.7935 10.5289 8.78323 7.41484 6.32611 5.44829 4.73203 4.14128 3.64925 3.2358 2.88554 2.5866 2.32971 2.10756 1.91433 1.74534 1.5968 1.46564 1.34931 1.24571 1.15311 1.07002 0.995226 0.927688 0.866515 0.810951 0.760346 0.714142 0.671853 0.63306 0.597396 0.564541 
149.792 94.5225 63.8923 45.3785 33.4728 25.4488 19.8361 15.7886 12.794 10.5294 8.78368 7.41526 6.3265 5.44866 4.73238 4.14161 3.64957 3.2361 2.88583 2.58688 2.32998 2.10781 1.91457 1.74557 1.59703 1.46586 1.34952 1.24584 1.15324 1.07016 0.99537 0.927833 0.866661 0.811097 0.760492 0.714286 0.671996 0.633202 0.597523 0.564599 
149.793 94.5235 63.8932 45.3793 33.4735 25.4494 19.8366 15.7891 12.7945 10.5298 8.78408 7.41564 6.32661 5.44881 4.73256 4.1418 3.64977 3.23631 2.88604 2.58709 2.33018 2.10802 1.91477 1.74577 1.59722 1.46605 1.34971 1.2461 1.15348 1.07039 0.995587 0.928039 0.866857 0.811284 0.760671 0.714459 0.672163 0.633363 0.597692 0.564831 
149.794 94.5245 63.894 45.38 33.4742 25.45 19.8371 15.7895 12.7949 10.5302 8.78446 7.41599 6.32718 5.4493 4.73299 4.14219 3.65012 3.23663 2.88633 2.58736 2.33044 2.10826 1.915 1.74599 1.59743 1.46625 1.3499 1.24628 1.15366 1.07056 0.995753 0.9282 0.867013 0.811436 0.76082 0.714603 0.672303 0.6335 0.597826 0.564962 
149.795 94.5254 63.8948 45.3807 33.4748 25.4505 19.8376 15.79 12.7953 10.5306 8.78481 7.41632 6.32749 5.44959 4.73327 4.14245 3.65037 3.23687 2.88656 2.58758 2.33065 2.10846 1.9152 1.74617 1.59761 1.46642 1.35007 1.24645 1.15382 1.07071 0.995904 0.928347 0.867156 0.811575 0.760955 0.714736 0.672433 0.633626 0.59795 0.565083 
149.796 94.5263 63.8955 45.3813 33.4753 25.4455 19.8381 15.7904 12.7957 10.5309 8.78514 7.41662 6.32778 5.44986 4.73352 4.14269 3.6506 3.23709 2.88677 2.58778 2.33083 2.10864 1.91537 1.74634 1.59777 1.46658 1.35022 1.2466 1.15396 1.07086 0.996042 0.928481 0.867287 0.811704 0.76108 0.714853 0.672548 0.633739 0.598061 0.565192 
149.797 94.5268 63.896 45.3818 33.4757 25.4514 19.8385 15.7907 12.796 10.5312 8.78543 7.41689 6.32804 5.45011 4.73376 4.14292 3.65034 3.23692 2.88667 2.58773 2.33084 2.10867 1.91542 1.74641 1.59785 1.46667 1.35032 1.2467 1.15407 1.07096 0.996146 0.928586 0.867392 0.811808 0.761184 0.714961 0.672654 0.633844 0.598164 0.565293 
149.798 94.528 63.897 45.3826 33.4764 25.452 19.8389 15.7912 12.7964 10.5316 8.78574 7.41718 6.3283 5.45036 4.73399 4.14314 3.65102 3.23749 2.88716 2.58815 2.3312 2.10899 1.9157 1.74666 1.59809 1.46688 1.35051 1.24688 1.15424 1.07112 0.996299 0.928731 0.86753 0.81194 0.76131 0.715082 0.672771 0.633957 0.598273 0.565399 
149.799 94.5287 63.8976 45.3831 33.4769 25.4524 19.8393 15.7915 12.7967 10.5319 8.78601 7.41743 6.32854 5.45058 4.7342 4.14334 3.65121 3.23767 2.88733 2.58832 2.33136 2.10914 1.91585 1.74681 1.59822 1.46701 1.35064 1.24701 1.15436 1.07124 0.996414 0.928843 0.86764 0.812047 0.761415 0.715185 0.672872 0.634055 0.598369 0.565493 
149.8 94.5294 63.8982 45.3836 33.4773 25.4528 19.8397 15.7918 12.797 10.5321 8.78626 7.41767 6.32876 5.45079 4.7344 4.14352 3.65139 3.23784 2.88749 2.58847 2.33151 2.10929 1.91599 1.74694 1.59835 1.46714 1.35076 1.24712 1.15447 1.07135 0.996522 0.928949 0.867743 0.812147 0.761512 0.71528 0.672965 0.634146 0.598458 0.56558 
149.801 94.5301 63.8987 45.3841 33.4777 25.4532 19.84 15.7921 12.7973 10.5324 8.78515 7.41689 6.32822 5.45042 4.73459 4.1437 3.65156 3.238 2.88765 2.58862 2.33165 2.10942 1.91612 1.74707 1.59848 1.4671 1.35075 1.24713 1.15449 1.07138 0.99656 0.928993 0.867793 0.812202 0.761571 0.715341 0.673027 0.63421 0.598523 0.565646 
149.801 94.5304 63.899 45.3844 33.478 25.4534 19.8403 15.7924 12.7975 10.5326 8.7861 7.41764 6.32882 5.45091 4.73456 4.14371 3.6516 3.23806 2.88772 2.5887 2.33174 2.10951 1.91621 1.74716 1.59857 1.46735 1.35097 1.24733 1.15467 1.07155 0.996715 0.929137 0.867927 0.812328 0.76169 0.715453 0.673134 0.634312 0.598621 0.56574 
149.802 94.5313 63.8997 45.3849 33.4785 25.4539 19.8406 15.7927 12.7978 10.5329 8.78694 7.4183 6.32935 5.45135 4.73493 4.14403 3.65187 3.2383 2.88793 2.58889 2.33191 2.10968 1.91636 1.7473 1.5987 1.46748 1.35109 1.24744 1.15478 1.07165 0.996814 0.929233 0.86802 0.812417 0.761777 0.715538 0.673217 0.634392 0.598699 0.565816 
149.803 94.5315 63.9 45.3852 33.4787 25.4541 19.8408 15.7929 12.798 10.5331 8.78712 7.41848 6.32952 5.45151 4.73508 4.14417 3.65201 3.23843 2.88806 2.58902 2.33203 2.10979 1.91647 1.74741 1.59881 1.46758 1.35119 1.24754 1.15487 1.07174 0.996901 0.929317 0.868102 0.812498 0.76172 0.715498 0.67319 0.634377 0.598693 0.565819 
149.804 94.5323 63.9006 45.3857 33.4792 25.4545 19.8412 15.7932 12.7983 10.5333 8.78732 7.41867 6.3297 5.45167 4.73524 4.14432 3.65215 3.23856 2.88818 2.58914 2.33214 2.10971 1.91642 1.74738 1.5988 1.46759 1.35121 1.24756 1.15491 1.07178 0.996947 0.929367 0.868154 0.812551 0.76191 0.71567 0.673348 0.634522 0.598827 0.565943 
149.804 94.5325 63.9008 45.3792 33.4746 25.4547 19.8414 15.7934 12.7985 10.5335 8.78749 7.41882 6.32985 5.45182 4.73537 4.14445 3.65227 3.23868 2.8883 2.58925 2.33225 2.11 1.91668 1.74708 1.59857 1.46777 1.35137 1.24771 1.15504 1.07189 0.997054 0.929467 0.868249 0.812642 0.761996 0.715753 0.673427 0.634599 0.598901 0.566014 
149.805 94.5331 63.9013 45.3864 33.4798 25.455 19.8359 15.7936 12.7987 10.5337 8.78767 7.41899 6.33 5.45196 4.73551 4.14458 3.64109 3.2388 2.88841 2.58935 2.33236 2.1101 1.91678 1.7477 1.59909 1.46785 1.35145 1.24779 1.15512 1.07198 0.997137 0.929544 0.868324 0.812714 0.762067 0.715821 0.673494 0.634663 0.598964 0.566072 
149.805 94.5337 63.9018 45.3867 33.4801 25.4553 19.8419 15.7938 12.7989 10.5339 8.78784 7.41915 6.33015 5.4521 4.73564 4.1447 3.65251 3.23891 2.88851 2.58945 2.33245 2.11019 1.91686 1.74779 1.59917 1.46793 1.35153 1.24787 1.1552 1.07205 0.997207 0.929616 0.868393 0.812781 0.762132 0.715885 0.673556 0.634724 0.599024 0.566134 
149.806 94.5341 63.9021 45.387 33.4803 25.4555 19.8421 15.794 12.7991 10.534 8.78799 7.41929 6.33028 5.45223 4.73576 4.14482 3.65262 3.23902 2.88862 2.58955 2.33255 2.11029 1.91695 1.74787 1.59925 1.46801 1.35161 1.24794 1.15527 1.07212 0.997276 0.929682 0.868458 0.812845 0.762194 0.715945 0.673615 0.634782 0.59908 0.566189 
149.806 94.5344 63.9024 45.3873 33.4806 25.4557 19.8423 15.7942 12.7992 10.5342 8.78814 7.41943 6.33042 5.45235 4.73588 4.14493 3.65273 3.23912 2.88872 2.58965 2.33264 2.11038 1.91704 1.74795 1.59933 1.46809 1.35168 1.24801 1.15534 1.07219 0.997341 0.929745 0.868519 0.812905 0.762252 0.716002 0.673671 0.634836 0.599134 0.566242 
149.806 94.5346 63.9026 45.3797 33.4752 25.4559 19.8425 15.7944 12.7994 10.5343 8.78828 7.41956 6.33054 5.45247 4.73599 4.14503 3.65283 3.23922 2.88881 2.58973 2.33272 2.11046 1.91712 1.74803 1.59941 1.46816 1.35175 1.24808 1.1554 1.07225 0.997403 0.929803 0.868572 0.812957 0.762304 0.716053 0.673721 0.634886 0.599182 0.566289 
149.807 94.5352 63.9031 45.3879 33.4811 25.4562 19.8427 15.7946 12.7996 10.5345 8.78842 7.41969 6.33066 5.45259 4.7361 4.14514 3.65293 3.23931 2.8889 2.58982 2.33281 2.11054 1.91719 1.7481 1.59948 1.46823 1.35182 1.24815 1.15547 1.07232 0.997462 0.929864 0.868635 0.813018 0.762362 0.71611 0.673776 0.634939 0.599234 0.56634 
149.807 94.5354 63.9033 45.388 33.4812 25.4183 19.8428 15.7947 12.7997 10.5346 8.78855 7.41981 6.33077 5.45269 4.7362 4.14523 3.65302 3.2394 2.88898 2.5899 2.33288 2.11061 1.91727 1.74817 1.59954 1.46829 1.35188 1.24821 1.15553 1.07237 0.997519 0.929919 0.868689 0.81307 0.762414 0.71616 0.673825 0.634987 0.599281 0.566386 
149.808 94.4712 63.9037 45.3884 33.4815 25.4566 19.843 15.7949 12.7998 10.5347 8.78868 7.41993 6.33089 5.4528 4.7363 4.14533 3.65311 3.23948 2.88906 2.58998 2.33296 2.11068 1.91734 1.74824 1.59961 1.46836 1.35194 1.24827 1.15558 1.07243 0.997573 0.929972 0.868738 0.813118 0.762461 0.716207 0.67387 0.635032 0.599325 0.566429 
149.808 94.5362 63.9039 45.3886 33.4817 25.4368 19.8432 15.795 12.8 10.5349 8.78881 7.42005 6.33099 5.4529 4.73639 4.14542 3.6532 3.23956 2.88914 2.59006 2.33303 2.11075 1.9174 1.7483 1.59967 1.46842 1.352 1.24832 1.15564 1.07248 0.997626 0.930023 0.86879 0.813169 0.762511 0.716255 0.673917 0.635076 0.599369 0.566472 
149.809 94.5365 63.9042 45.3888 33.4819 25.4569 19.8434 15.7952 12.8001 10.535 8.78879 7.42006 6.32877 5.45294 4.73644 4.14547 3.65325 3.23962 2.8892 2.59011 2.33309 2.11081 1.91706 1.74803 1.59946 1.46825 1.35205 1.24838 1.15566 1.07251 0.997653 0.930053 0.868821 0.813202 0.762544 0.716289 0.673951 0.635112 0.599404 0.566507 
149.809 94.5199 63.9045 45.3891 33.4821 25.4571 19.8435 15.7953 12.8003 10.5351 8.78903 7.42026 6.33119 5.45308 4.73657 4.14559 3.65336 3.23972 2.88929 2.5902 2.33316 2.11088 1.91753 1.74843 1.59979 1.46853 1.35211 1.24843 1.15574 1.07258 0.997724 0.930119 0.868884 0.813231 0.762575 0.71632 0.673983 0.635145 0.599437 0.56654 
149.809 94.5371 63.9047 45.3892 33.4823 25.4572 19.8437 15.7955 12.8004 10.5352 8.78913 7.42035 6.33128 5.45317 4.73665 4.14566 3.65343 3.23979 2.88936 2.59026 2.33323 2.11094 1.91759 1.74848 1.59984 1.46858 1.35216 1.24848 1.15579 1.07263 0.997771 0.930156 0.86892 0.813297 0.762636 0.716378 0.674038 0.635197 0.599486 0.566587 
