4.50072e-07 1.96272e-07 9.8738e-08 5.49513e-08 3.29601e-08 2.09484e-08 1.39429e-08 9.63631e-09 6.8713e-09 5.03062e-09 3.76703e-09 2.87643e-09 2.23413e-09 1.76152e-09 1.40752e-09 1.13815e-09 9.30241e-10 7.67712e-10 6.39179e-10 5.36453e-10 4.5356e-10 3.86077e-10 3.30691e-10 2.8489e-10 2.4675e-10 2.14785e-10 1.87832e-10 1.64978e-10 1.45496e-10 1.28807e-10 1.14443e-10 1.02028e-10 9.12506e-11 8.18597e-11 7.36464e-11 6.64378e-11 6.009e-11 5.44826e-11 4.95142e-11 4.50995e-11 
0.0666742 0.0379155 0.022736 0.0143183 0.00939402 0.00638579 0.00447338 0.00321792 0.00236858 0.00177916 0.00135984 0.00105566 0.000831825 0.000663569 0.000535709 0.000436968 0.000359829 0.000298951 0.000250348 0.000211185 0.000179348 0.000153268 0.000131731 0.000113856 9.88918e-05 8.63e-05 7.56366e-05 6.65756e-05 5.88252e-05 5.21728e-05 4.64258e-05 4.14472e-05 3.71223e-05 3.33472e-05 3.00352e-05 2.71247e-05 2.45578e-05 2.22862e-05 2.02715e-05 1.84797e-05 
0.181394 0.121221 0.083228 0.0586968 0.0423199 0.0310375 0.0231814 0.0175937 0.0135433 0.0105692 0.00835015 0.00666989 0.00539512 0.00439759 0.00362132 0.00300448 0.00251069 0.00211272 0.00178985 0.00152608 0.00130348 0.00112304 0.000972473 0.000850092 0.000739381 0.000648789 0.000571517 0.000505434 0.000448626 0.000399548 0.000356721 0.000319618 0.00028714 0.000258655 0.000233545 0.000212667 0.000192945 0.000175509 0.000159047 0.000145268 
0.25666 0.178988 0.13063 0.097294 0.0738171 0.0565658 0.0441825 0.0348118 0.0277415 0.022314 0.0181324 0.0148483 0.0122567 0.0102015 0.00855107 0.00721221 0.00612021 0.0052228 0.00448155 0.00386502 0.00334917 0.00291609 0.00255047 0.00224009 0.00197332 0.00174483 0.00154796 0.00137801 0.00123074 0.00110251 0.000989973 0.000891412 0.000804554 0.000728046 0.000660225 0.000600195 0.00054676 0.000499042 0.000456237 0.000418033 
0.316764 0.221787 0.163554 0.124472 0.0966969 0.0762426 0.0608974 0.0492005 0.0400928 0.0329528 0.0272989 0.0227826 0.0191342 0.0161789 0.0137616 0.0117742 0.0101243 0.00874845 0.00759715 0.00662533 0.00579974 0.0051001 0.00449658 0.00398039 0.00353469 0.00314885 0.0028134 0.00252183 0.00226661 0.00204094 0.001843 0.00166801 0.00151355 0.00137599 0.00125318 0.00114392 0.00104622 0.000958538 0.000879833 0.000809122 
0.373788 0.25868 0.190271 0.145518 0.114061 0.0910128 0.0737142 0.0604443 0.0499862 0.0417009 0.0350482 0.0296632 0.0252236 0.0215793 0.0185684 0.0160575 0.0139409 0.0121679 0.0106603 0.00937566 0.00827335 0.00732749 0.00651137 0.00580504 0.00518853 0.00465201 0.00418376 0.00377136 0.00340717 0.00308551 0.0028007 0.00254749 0.00232221 0.00212099 0.00193997 0.00177812 0.00163276 0.00150113 0.00138257 0.00127546 
0.42804 0.293528 0.21442 0.163575 0.128599 0.103276 0.0841814 0.069566 0.0580696 0.0488885 0.0414659 0.0354009 0.0304187 0.0262831 0.0228196 0.019902 0.0174175 0.0153091 0.013513 0.0119681 0.0106351 0.00948948 0.00846811 0.00759085 0.00682412 0.00615168 0.00556038 0.00503765 0.00456975 0.00415785 0.00379093 0.00346266 0.00316943 0.00290496 0.002667 0.00245334 0.00225978 0.00208615 0.00192744 0.00178451 
0.481486 0.326621 0.237212 0.180443 0.141665 0.113847 0.0930574 0.0772922 0.0648947 0.054941 0.0469049 0.0402941 0.0348686 0.0301054 0.0262989 0.0232409 0.0204857 0.018133 0.0160935 0.0143389 0.0128103 0.0114793 0.0103087 0.00928955 0.00838898 0.00759516 0.00689523 0.00627067 0.00571615 0.00521975 0.004775 0.00437613 0.00401836 0.00369648 0.00340581 0.00314355 0.00290544 0.00268841 0.00249158 0.00231249 
0.534751 0.359138 0.257541 0.196318 0.153806 0.123585 0.101142 0.0841903 0.0707621 0.0602048 0.0516291 0.0445796 0.0387421 0.033842 0.0297282 0.0262299 0.02322 0.0206405 0.0184216 0.0164805 0.0147909 0.0133152 0.0120129 0.0108674 0.00985828 0.00895871 0.00816554 0.00744817 0.00681036 0.00623946 0.0057265 0.00526443 0.00485085 0.00447609 0.00413421 0.00382472 0.00354443 0.00328899 0.00305518 0.00284232 
0.586038 0.391751 0.280687 0.210454 0.165285 0.132654 0.108652 0.0903829 0.0762084 0.06487 0.0558064 0.0483674 0.0421945 0.0369941 0.0326171 0.028872 0.025669 0.0229188 0.0205236 0.0184253 0.0165902 0.0149947 0.0135803 0.0123256 0.0112191 0.0102376 0.00934869 0.00855845 0.00785285 0.00721275 0.00664057 0.00612182 0.00565334 0.0052303 0.00484289 0.00449254 0.00417149 0.00387863 0.00361209 0.00336744 
0.635626 0.423475 0.301995 0.226544 0.176144 0.141205 0.115737 0.0962518 0.0811785 0.0692746 0.0597264 0.0517705 0.0452774 0.0398182 0.0352088 0.0312753 0.0278895 0.0249685 0.0224256 0.020212 0.0182681 0.0165492 0.0150223 0.0136789 0.0124834 0.0114132 0.0104593 0.0096034 0.00883102 0.00813326 0.00750708 0.00694016 0.00642118 0.00595336 0.00552587 0.00513808 0.00478093 0.00445411 0.00415606 0.00388139 
0.68098 0.454805 0.323358 0.241085 0.186321 0.148583 0.122206 0.101866 0.0859022 0.0733312 0.0632476 0.0550106 0.0481774 0.0424024 0.037578 0.033456 0.0299125 0.0268373 0.0242014 0.0218632 0.0198074 0.0179837 0.0163748 0.0149488 0.0136691 0.012523 0.0115015 0.010584 0.0097522 0.00900218 0.00832659 0.0077117 0.00715512 0.00664582 0.00618042 0.00575547 0.00536929 0.0050112 0.0046818 0.00438098 
0.723746 0.484965 0.343779 0.256001 0.197834 0.156838 0.128519 0.106959 0.090415 0.0770945 0.066566 0.0579526 0.0508264 0.044886 0.03976 0.0354751 0.0317767 0.0285675 0.0257894 0.0233456 0.0212223 0.0193248 0.0176242 0.0161185 0.0147684 0.0135666 0.0124863 0.0115111 0.0106258 0.00982269 0.0091034 0.00844668 0.00784811 0.00730361 0.00680579 0.00634663 0.0059262 0.00554079 0.00518945 0.00486131 
0.770458 0.513272 0.364139 0.270632 0.208525 0.165694 0.134174 0.112016 0.0945113 0.0808647 0.0697484 0.0607546 0.0533015 0.0471114 0.0418856 0.0373965 0.0335046 0.0301856 0.0272795 0.0247467 0.0225428 0.0205363 0.0187868 0.0172143 0.0158094 0.0145384 0.0133998 0.0123815 0.0114551 0.0106104 0.00984461 0.00914521 0.00851252 0.00793186 0.0074023 0.00691439 0.00646554 0.00605391 0.00567459 0.00532481 
0.817523 0.541606 0.38411 0.284526 0.219115 0.173704 0.140403 0.116332 0.0986225 0.0843373 0.0728354 0.0634208 0.0556852 0.0492198 0.0437959 0.039167 0.035205 0.0317413 0.0286952 0.0260575 0.0237643 0.021711 0.0198827 0.0182465 0.0167782 0.0154662 0.0142793 0.0132039 0.01223 0.011349 0.0105491 0.00981702 0.00914594 0.00853564 0.00797373 0.00746008 0.00698471 0.00654633 0.00614477 0.00577225 
0.863443 0.576029 0.403243 0.298444 0.229476 0.180298 0.147164 0.121185 0.102662 0.0876124 0.0757369 0.0660205 0.0579616 0.0512519 0.0456102 0.0408428 0.0367245 0.033175 0.0300521 0.0273383 0.0249307 0.0227934 0.0209021 0.0192133 0.0176962 0.0163345 0.0150941 0.0139834 0.0129689 0.0120539 0.0112139 0.0104491 0.00975321 0.00911058 0.00852315 0.00798324 0.00748605 0.00702291 0.00659395 0.0062038 
0.906915 0.595796 0.421853 0.312575 0.239411 0.189306 0.153423 0.126688 0.105981 0.0909395 0.0784643 0.0684801 0.0601841 0.0532224 0.0473662 0.0424177 0.0381877 0.0345137 0.0313262 0.0285052 0.0260292 0.0238358 0.0218735 0.0201243 0.0185569 0.0171472 0.0158728 0.014726 0.0136699 0.0127176 0.011851 0.011054 0.0103263 0.00965825 0.00904817 0.0084856 0.00796256 0.0074809 0.00703182 0.00661975 
0.949639 0.632973 0.440211 0.326024 0.249496 0.197119 0.158612 0.131566 0.109912 0.0935736 0.0812055 0.0708503 0.0622917 0.0551431 0.0490829 0.0439494 0.039574 0.0358002 0.0325139 0.0296311 0.0270813 0.0248096 0.0227978 0.0209966 0.0193762 0.0179226 0.0166074 0.0154184 0.0143406 0.0133544 0.0124514 0.0116288 0.0108771 0.010186 0.00954851 0.00896063 0.00841825 0.00791975 0.00745312 0.00701915 
0.990589 0.65238 0.457764 0.339103 0.25967 0.204549 0.164373 0.135355 0.11425 0.0968874 0.0839913 0.0730931 0.0643236 0.0569654 0.0507508 0.0454469 0.0409177 0.0370258 0.0336476 0.0306886 0.0280794 0.0257621 0.0236748 0.0218283 0.0201395 0.0186642 0.0173118 0.0160865 0.0149685 0.0139559 0.0130325 0.012184 0.0114033 0.0106859 0.0100264 0.00941927 0.00885825 0.00833798 0.00785654 0.00740966 
1.03383 0.679783 0.475506 0.352108 0.269767 0.212043 0.170194 0.140134 0.118148 0.100428 0.0866043 0.0753931 0.0662067 0.0587107 0.0522551 0.0469116 0.0422401 0.0382158 0.0347428 0.0316992 0.0290214 0.0266515 0.0245329 0.022622 0.0209167 0.0193813 0.0179925 0.0167266 0.0155819 0.0145349 0.0135791 0.0127074 0.0119109 0.0111728 0.0104887 0.00985975 0.00927673 0.00874072 0.00824573 0.00778498 
1.07585 0.70653 0.493039 0.364755 0.279489 0.219656 0.177013 0.144837 0.121109 0.103672 0.0886933 0.0771164 0.0682036 0.0604137 0.0538581 0.0482311 0.0435254 0.039385 0.0357952 0.0326788 0.0299319 0.027499 0.025338 0.0233988 0.0216493 0.0200615 0.0186393 0.0173472 0.0161684 0.015095 0.0141134 0.013214 0.0123888 0.0116335 0.0109383 0.0102909 0.00968704 0.0091338 0.00861493 0.00814125 
1.11797 0.732045 0.519879 0.376885 0.288787 0.2272 0.182689 0.149544 0.12492 0.10673 0.0917167 0.0798814 0.0701503 0.0620087 0.0553539 0.0496336 0.0446958 0.0405256 0.0368379 0.0336218 0.0308136 0.028317 0.0261064 0.0241313 0.0223426 0.020728 0.0192575 0.0179365 0.0167348 0.015635 0.0146292 0.0137057 0.0128565 0.0120766 0.01136 0.0106978 0.0100866 0.00951338 0.00897732 0.00848852 
1.16517 0.757815 0.538287 0.389206 0.298122 0.234721 0.188511 0.154194 0.12871 0.109064 0.0944297 0.0819541 0.0715278 0.0636685 0.0567223 0.0508947 0.0458798 0.0415795 0.0378532 0.0345559 0.031664 0.0291199 0.026844 0.0248224 0.023006 0.0213611 0.0198713 0.0185136 0.017274 0.0161513 0.0151258 0.0141798 0.0133132 0.0125095 0.0117715 0.0110896 0.0104609 0.00987789 0.00933507 0.00882557 
1.20496 0.796137 0.556521 0.407791 0.307288 0.242091 0.194327 0.159366 0.132603 0.112174 0.0969692 0.0841202 0.0734658 0.0649211 0.0581886 0.05222 0.0471008 0.0426339 0.0388012 0.035461 0.0325004 0.029887 0.0275713 0.0254971 0.0236387 0.0219657 0.0204436 0.019065 0.0178039 0.0166463 0.0155997 0.0146373 0.0137503 0.0129314 0.012175 0.0114733 0.010825 0.01023 0.00967121 0.00914746 
1.23591 0.80878 0.56498 0.413382 0.316171 0.249144 0.200101 0.163892 0.136245 0.115283 0.0989726 0.0864165 0.0756294 0.0665438 0.059703 0.0534323 0.0482397 0.0436652 0.0397473 0.0363228 0.0333122 0.0306416 0.0282685 0.0261529 0.0242582 0.0225507 0.0210068 0.0195962 0.0183103 0.0171368 0.0160523 0.0150696 0.0141696 0.0133377 0.0125642 0.0118513 0.0111832 0.0105661 0.00999954 0.00946987 
1.27382 0.834191 0.58192 0.433292 0.329336 0.256004 0.205928 0.168513 0.140435 0.118487 0.101366 0.0885558 0.0775958 0.0684836 0.061 0.0546859 0.049337 0.0447241 0.0406671 0.0371727 0.0341098 0.0313728 0.0289545 0.0267958 0.0248563 0.0231135 0.021543 0.0201145 0.0188064 0.0176076 0.01651 0.0154958 0.014572 0.0137247 0.0129414 0.0122108 0.0115342 0.0109032 0.0103167 0.00977432 
1.31033 0.861347 0.598502 0.44624 0.338765 0.262944 0.211616 0.173032 0.144072 0.121396 0.103929 0.090152 0.07944 0.0700411 0.0623825 0.0559096 0.0504137 0.045722 0.0416178 0.0380012 0.0348697 0.0320996 0.0296173 0.027414 0.025449 0.0236617 0.0220558 0.0206076 0.0192831 0.0180636 0.0169458 0.0159203 0.014972 0.0140984 0.0133005 0.0125618 0.0118729 0.0112293 0.0106317 0.0100725 
1.34605 0.88515 0.615711 0.458734 0.348169 0.269674 0.217125 0.177521 0.147721 0.12489 0.106647 0.0923377 0.0812577 0.0717379 0.0637424 0.0571258 0.0514955 0.0466422 0.0425213 0.0388181 0.0356218 0.0327882 0.0302749 0.0280229 0.0260135 0.0242096 0.0225635 0.0210803 0.0197379 0.0185046 0.0173706 0.0163259 0.0153627 0.0144731 0.0136497 0.0128962 0.0121958 0.0115465 0.0109354 0.0103678 
1.38312 0.90884 0.643403 0.471315 0.357684 0.27601 0.222496 0.182082 0.1514 0.127854 0.109134 0.0942925 0.0829765 0.0733163 0.0650868 0.0583239 0.0525679 0.0476317 0.0433894 0.0396693 0.0363483 0.0334743 0.0309227 0.0286215 0.0265634 0.0247293 0.0230665 0.0215485 0.0201761 0.0189263 0.0177776 0.0167184 0.0157407 0.0148324 0.0140005 0.0132216 0.0125096 0.0118481 0.0112318 0.0106523 
1.42648 0.933069 0.660235 0.474765 0.366765 0.286566 0.227739 0.186627 0.155037 0.130842 0.111976 0.0965699 0.084792 0.0748856 0.0665542 0.0594983 0.0536228 0.0485804 0.0442172 0.0404647 0.0371167 0.0341415 0.0315371 0.029211 0.0271138 0.0252335 0.0235494 0.0220093 0.0206095 0.0193311 0.018171 0.0170966 0.0161035 0.0151859 0.0143337 0.0135501 0.0128175 0.012142 0.0115142 0.0109298 
1.45234 0.956809 0.666436 0.486819 0.375903 0.293461 0.232979 0.191034 0.158665 0.133843 0.114401 0.0986824 0.0865185 0.0763683 0.0679254 0.0606799 0.0546748 0.0495196 0.0450677 0.0411826 0.0378538 0.0348021 0.0321519 0.0297919 0.0276528 0.0257366 0.0240146 0.0224576 0.0210348 0.0197352 0.0185463 0.0174602 0.0164581 0.0155282 0.0146668 0.0138634 0.0131229 0.012436 0.0117907 0.0111939 
1.48581 0.980801 0.683126 0.497805 0.385118 0.300624 0.238126 0.195323 0.162288 0.136824 0.11689 0.101079 0.0878646 0.0778222 0.069285 0.061959 0.0557018 0.0504496 0.0459057 0.041968 0.0385537 0.0354874 0.0327457 0.0303423 0.0281851 0.0262332 0.0244752 0.0228886 0.0214524 0.0201303 0.0189217 0.0178148 0.0168001 0.0158597 0.0149868 0.0141744 0.0134175 0.0127165 0.0120664 0.0114548 
1.52454 1.00367 0.7005 0.509422 0.394184 0.307751 0.242813 0.199501 0.165993 0.13979 0.119384 0.103127 0.0897014 0.0794058 0.070577 0.0631556 0.0567387 0.0513763 0.0467448 0.0427196 0.0391883 0.0361428 0.0333714 0.0308928 0.028701 0.0267203 0.0249305 0.0233134 0.0218529 0.02052 0.0192879 0.0181636 0.0171305 0.0161801 0.0152971 0.014476 0.0137097 0.0129945 0.0123308 0.0117153 
1.56161 1.02695 0.717318 0.531611 0.403233 0.314788 0.251439 0.203601 0.169572 0.142767 0.121859 0.105176 0.0918286 0.0806174 0.0718466 0.0643466 0.0578627 0.052289 0.0475724 0.0434669 0.0398874 0.0367761 0.0339722 0.0314339 0.0292067 0.0272023 0.0253808 0.0237307 0.0222446 0.0208946 0.0196499 0.0185038 0.0174535 0.0164906 0.0155964 0.0147686 0.013992 0.0132698 0.0125933 0.0119641 
1.59718 1.04935 0.732546 0.543447 0.404213 0.321531 0.256887 0.207772 0.173094 0.145717 0.124307 0.10727 0.0935745 0.0820394 0.0731018 0.0654716 0.0589133 0.0532012 0.0483908 0.0442145 0.0405587 0.0373463 0.0345517 0.0319995 0.0296998 0.0276705 0.0258279 0.0241479 0.0226325 0.021257 0.0200043 0.0188435 0.0177716 0.0167896 0.0158867 0.0150502 0.0142679 0.0135356 0.0128522 0.0122117 
1.62984 1.06839 0.748274 0.555076 0.412446 0.328325 0.262261 0.211743 0.176487 0.148695 0.12678 0.109382 0.0953301 0.0835997 0.0743808 0.0665846 0.0599584 0.0541156 0.0492072 0.0449439 0.041227 0.0379608 0.0351196 0.0325425 0.0301893 0.028126 0.0262571 0.024565 0.0230202 0.0216166 0.0203396 0.0191748 0.0180897 0.0170865 0.016169 0.0153205 0.0145334 0.0137967 0.0131035 0.0124555 
1.66215 1.10044 0.764069 0.56666 0.421297 0.335018 0.2676 0.215527 0.179772 0.151694 0.129245 0.11147 0.0970779 0.0854259 0.0753972 0.0676893 0.0609647 0.0551195 0.0500098 0.0456791 0.0418969 0.0385636 0.0356363 0.0330664 0.0307156 0.0285786 0.0266859 0.024968 0.0233982 0.0219718 0.0206782 0.0194927 0.0184012 0.017387 0.0164474 0.0155863 0.0147867 0.0140449 0.0133478 0.012695 
1.69566 1.12149 0.788792 0.567848 0.428947 0.341911 0.27302 0.219584 0.18303 0.154607 0.131693 0.113526 0.0988496 0.0869007 0.0770916 0.0687864 0.0619553 0.0560475 0.0508255 0.0464119 0.0425558 0.0391748 0.0361858 0.0335259 0.0312022 0.0290511 0.0271026 0.0253644 0.0237794 0.0223251 0.021004 0.0198025 0.0187018 0.0176763 0.0167286 0.015846 0.0150392 0.0142854 0.0135836 0.0129251 
1.72577 1.14334 0.794163 0.579221 0.436797 0.348794 0.278439 0.22669 0.186333 0.15745 0.134101 0.115594 0.100653 0.0884039 0.0783917 0.0699083 0.062915 0.0569546 0.0517173 0.0471256 0.0432178 0.0397757 0.036727 0.0340395 0.0316766 0.0295051 0.0275152 0.0257498 0.024142 0.0226812 0.0213326 0.0201124 0.0189921 0.0179635 0.0170008 0.0161098 0.015284 0.0145245 0.0138125 0.0131493 
1.7557 1.16428 0.808901 0.591205 0.445503 0.356119 0.283847 0.23095 0.189609 0.16021 0.136572 0.117661 0.102425 0.0899088 0.0796697 0.0710546 0.0638782 0.0578237 0.0525355 0.0478579 0.0438674 0.0403722 0.0372823 0.0345394 0.0320932 0.029948 0.0279505 0.0261332 0.0245117 0.0230241 0.0216645 0.0204165 0.0192831 0.0182331 0.0172714 0.016366 0.0155283 0.0147542 0.0140361 0.0133651 
1.78802 1.17425 0.823963 0.60278 0.464572 0.3545 0.288932 0.235196 0.192707 0.162817 0.139042 0.119726 0.10416 0.0914246 0.0809462 0.0721902 0.0648507 0.0586693 0.0533542 0.0486563 0.0445137 0.040972 0.037823 0.0350297 0.0325644 0.0303786 0.0283667 0.0265283 0.0248654 0.023372 0.0219873 0.0207202 0.0195613 0.0185106 0.0175287 0.0166225 0.0157709 0.0149829 0.0142548 0.0135753 
1.79961 1.1955 0.84837 0.613418 0.472968 0.360807 0.294189 0.23949 0.19563 0.165482 0.141432 0.121757 0.105922 0.092976 0.0822202 0.0733138 0.0658491 0.0595348 0.0541345 0.049382 0.045166 0.0415458 0.0383651 0.035536 0.0330097 0.0307569 0.0287644 0.0269128 0.0252175 0.023698 0.0223027 0.0210275 0.0198474 0.0187708 0.0177846 0.0168655 0.0160115 0.015213 0.0144672 0.0137824 
1.84557 1.21884 0.85255 0.624342 0.481254 0.366866 0.299377 0.243725 0.198993 0.168157 0.143807 0.12373 0.107654 0.0944984 0.083538 0.07442 0.0668316 0.0603768 0.054902 0.0501045 0.0458795 0.0421385 0.0389151 0.036026 0.0334604 0.0311832 0.0291628 0.0272963 0.0255857 0.0240305 0.0226184 0.0213239 0.0201339 0.0190364 0.0180349 0.0171062 0.0162449 0.0154393 0.0146864 0.013983 
1.8726 1.24374 0.869544 0.634979 0.489248 0.373037 0.304582 0.2479 0.205118 0.170805 0.146056 0.125789 0.109267 0.0958594 0.0848509 0.0755266 0.0678195 0.0612478 0.055652 0.0508288 0.0465343 0.0427222 0.0394314 0.0365216 0.0339224 0.0315863 0.029508 0.0276613 0.0259358 0.0243497 0.022923 0.0216172 0.0204117 0.0193023 0.0182807 0.0173472 0.0164727 0.0156623 0.0148998 0.0141888 
1.90372 1.26162 0.888952 0.645248 0.487456 0.378812 0.309734 0.252187 0.208604 0.173365 0.148252 0.127902 0.111134 0.0973556 0.0861873 0.0766398 0.0688005 0.0621205 0.0564066 0.0515163 0.0471838 0.0433038 0.0399623 0.0370194 0.0343711 0.0320061 0.0298963 0.0280256 0.0262889 0.0246885 0.0232335 0.0219062 0.0206895 0.0195663 0.0185271 0.0175767 0.0166983 0.0158758 0.0151095 0.0143905 
1.93453 1.28422 0.902739 0.665412 0.495758 0.384677 0.308523 0.25639 0.211992 0.175951 0.150424 0.129929 0.112832 0.0988513 0.0874083 0.0778673 0.0697713 0.0629964 0.0571637 0.0521856 0.0478393 0.0439531 0.040491 0.0374953 0.0348194 0.032427 0.0302667 0.028343 0.0266231 0.0250154 0.0235391 0.0221911 0.0209732 0.0198248 0.0187768 0.0178061 0.016918 0.0160894 0.0153174 0.0145898 
1.96407 1.30384 0.916696 0.676033 0.503933 0.391113 0.313131 0.260428 0.215391 0.178324 0.152621 0.131851 0.114509 0.100347 0.0886988 0.0790041 0.070738 0.0638617 0.0579336 0.0528623 0.0484657 0.0445403 0.0410174 0.0379691 0.0352765 0.0328382 0.0306477 0.0287009 0.0269579 0.0253369 0.023844 0.0224777 0.0212286 0.0200806 0.0190208 0.0180382 0.0171335 0.0163004 0.0155195 0.0147877 
1.98785 1.32365 0.930557 0.686704 0.511422 0.398272 0.317863 0.264492 0.218891 0.180795 0.154814 0.133761 0.116249 0.101836 0.0899672 0.0800731 0.0717197 0.0647287 0.0587182 0.053528 0.0490766 0.0451246 0.0416098 0.038456 0.0357144 0.0332471 0.0310347 0.0290383 0.0272514 0.0256512 0.0241482 0.0227634 0.0214992 0.0203314 0.0192627 0.01827 0.0173504 0.0165047 0.0157168 0.0149799 
2.01159 1.34434 0.944489 0.696796 0.520584 0.414197 0.322529 0.268642 0.222263 0.186334 0.157007 0.135649 0.118033 0.103308 0.0912706 0.0812423 0.0727192 0.0655843 0.0595001 0.054198 0.0496753 0.0456999 0.0421376 0.0389364 0.036148 0.0336636 0.0314172 0.0293891 0.0275816 0.0259592 0.0244433 0.0230432 0.021761 0.0205828 0.0195001 0.0184975 0.0175673 0.0167064 0.0159128 0.01517 
2.03675 1.36344 0.957912 0.706788 0.528202 0.420363 0.327094 0.27275 0.221082 0.189147 0.159143 0.13747 0.119738 0.10475 0.0925564 0.0823811 0.0737013 0.0664379 0.0602596 0.0549047 0.050275 0.0462595 0.0426646 0.0394646 0.0365817 0.034071 0.0317886 0.0297421 0.0278937 0.0262261 0.024735 0.023327 0.0220227 0.0208308 0.0197333 0.0187252 0.0177827 0.0169097 0.0161027 0.0153569 
2.03675 1.36344 0.957912 0.706788 0.528202 0.420363 0.327094 0.27275 0.221082 0.189147 0.159143 0.13747 0.119738 0.10475 0.0925564 0.0823811 0.0737013 0.0664379 0.0602596 0.0549047 0.050275 0.0462595 0.0426646 0.0394646 0.0365817 0.034071 0.0317886 0.0297421 0.0278937 0.0262261 0.024735 0.023327 0.0220227 0.0208308 0.0197333 0.0187252 0.0177827 0.0169097 0.0161027 0.0153569 
2.6816 1.78398 1.26852 0.94187 0.719996 0.564907 0.453174 0.360764 0.299481 0.250844 0.213568 0.184237 0.162423 0.141649 0.123187 0.109404 0.0980326 0.08827 0.0797489 0.0723425 0.0659489 0.0603636 0.055465 0.0511663 0.0473409 0.043951 0.040925 0.0382248 0.03577 0.0335916 0.0315934 0.029786 0.0280912 0.0265703 0.0251601 0.0238605 0.0226655 0.0215647 0.0205484 0.0196013 
3.24469 2.12791 1.53035 1.13836 0.875818 0.691405 0.557493 0.455626 0.373525 0.31226 0.26539 0.22733 0.196923 0.172702 0.152154 0.134935 0.120312 0.109396 0.0973113 0.0882535 0.0806189 0.0737464 0.067703 0.062407 0.0576329 0.0533051 0.0495462 0.0461484 0.0431308 0.0404163 0.0379255 0.0356549 0.0336043 0.0317631 0.0300719 0.0284899 0.0270411 0.0256938 0.024457 0.0233198 
3.62011 2.39641 1.79123 1.3245 1.00814 0.804619 0.648912 0.535056 0.444758 0.370436 0.315159 0.26891 0.232992 0.204563 0.179571 0.159105 0.142371 0.127423 0.114951 0.103974 0.0943159 0.0860816 0.0790286 0.0727739 0.0673514 0.062337 0.0578948 0.0539198 0.0502922 0.0470703 0.0440583 0.04137 0.0389437 0.0367298 0.0347339 0.0328478 0.031136 0.0295469 0.0281026 0.0267768 
4.03583 2.75353 1.97952 1.48387 1.12669 0.892058 0.730911 0.605898 0.506623 0.425662 0.35819 0.314041 0.26952 0.233143 0.205418 0.182276 0.162603 0.146232 0.132008 0.119342 0.10821 0.0988155 0.0904011 0.0829626 0.0764238 0.0708573 0.0657272 0.0612538 0.0571211 0.0533669 0.0499555 0.0469236 0.0441733 0.041622 0.0392432 0.0370923 0.0351235 0.033318 0.0316388 0.0301057 
4.23913 3.02454 2.14101 1.61996 1.25273 0.989711 0.811755 0.667057 0.562154 0.474002 0.406125 0.35093 0.30463 0.266901 0.231236 0.20429 0.182027 0.163759 0.147814 0.134158 0.12171 0.111004 0.101595 0.0931157 0.0858762 0.0791771 0.0733548 0.0681856 0.0636439 0.0593845 0.0557353 0.052272 0.0490934 0.0462355 0.0435731 0.0412376 0.039058 0.0370219 0.0351282 0.033367 
4.52691 3.23596 2.30174 1.75467 1.36538 1.06812 0.880834 0.733132 0.610528 0.515405 0.444956 0.384811 0.335754 0.293727 0.259461 0.227786 0.201551 0.18058 0.162993 0.147624 0.134625 0.122777 0.112134 0.103044 0.0949455 0.0875741 0.0810913 0.0753291 0.0700401 0.0653409 0.0611998 0.0574007 0.0538646 0.050807 0.04792 0.0452027 0.0427518 0.0404649 0.0384138 0.0365631 
5.04605 3.40564 2.38263 1.92142 1.47694 1.16569 0.938046 0.786149 0.6612 0.558392 0.478789 0.417138 0.364118 0.31965 0.282315 0.250634 0.224743 0.197875 0.178897 0.161697 0.146705 0.133789 0.122627 0.112333 0.103458 0.0956066 0.0885544 0.0821812 0.0764864 0.0713706 0.0666508 0.062425 0.0585829 0.0551672 0.0519971 0.0490246 0.0464768 0.0440045 0.0416815 0.0395746 
4.95815 3.38912 2.60231 2.02103 1.58712 1.24353 1.02486 0.844213 0.705769 0.599392 0.51212 0.444683 0.391177 0.343845 0.304447 0.270332 0.241586 0.217866 0.193513 0.175149 0.158854 0.144941 0.13247 0.12367 0.111985 0.103238 0.0955169 0.0902609 0.08279 0.0770983 0.072096 0.0675195 0.0632035 0.0594722 0.056006 0.0528777 0.0499955 0.0473538 0.0448493 0.0426466 
5.39415 3.61455 2.70453 2.05296 1.63793 1.31216 1.07121 0.897196 0.749876 0.638023 0.546257 0.472126 0.414353 0.366952 0.325086 0.28957 0.257279 0.232509 0.207007 0.187933 0.170672 0.155471 0.142378 0.13057 0.1201 0.11086 0.102575 0.0952418 0.0884626 0.0827936 0.0773279 0.0723411 0.067872 0.063729 0.0600114 0.0565728 0.0534305 0.0504987 0.0479745 0.0455387 
5.62524 3.77707 2.82129 2.16263 1.70111 1.38557 1.13483 0.92922 0.793762 0.673579 0.581089 0.503697 0.436296 0.387615 0.344636 0.307354 0.275625 0.247009 0.221235 0.202499 0.182074 0.166004 0.151701 0.139297 0.128252 0.118362 0.109439 0.101499 0.0943424 0.0879982 0.0821706 0.0771922 0.0723794 0.0679338 0.0639342 0.0602257 0.0569146 0.0537728 0.0509958 0.0483251 
5.70972 3.94027 3.05107 2.34138 1.75996 1.40565 1.18235 0.986094 0.83598 0.714391 0.613981 0.529207 0.460265 0.404986 0.362795 0.325295 0.290544 0.261864 0.236387 0.214805 0.195224 0.176115 0.16118 0.147949 0.135967 0.124888 0.116224 0.107714 0.100202 0.0932722 0.0871676 0.0815552 0.0764375 0.071963 0.0677361 0.0638754 0.0602833 0.0569736 0.0539784 0.0510994 
5.91239 4.21842 3.05116 2.35698 1.82598 1.46684 1.25598 1.05431 0.863305 0.739352 0.638195 0.55735 0.487608 0.425606 0.377 0.339443 0.304885 0.274904 0.248922 0.226056 0.206007 0.185832 0.170167 0.156191 0.143699 0.132586 0.122763 0.113234 0.105771 0.0985885 0.0920955 0.0860827 0.0807494 0.0757725 0.0714925 0.0672833 0.0635933 0.0601337 0.0568995 0.0539305 
6.08782 4.50459 3.15684 2.43886 1.86943 1.51285 1.279 1.07476 0.89875 0.768797 0.666105 0.580589 0.510209 0.448582 0.395528 0.35513 0.31511 0.287338 0.260674 0.236945 0.216285 0.197527 0.178742 0.16412 0.151094 0.139454 0.129004 0.119661 0.110588 0.103761 0.0967606 0.0906181 0.0848528 0.0797682 0.0749568 0.0706066 0.0668305 0.0630649 0.0597707 0.0566689 
6.48892 4.71325 3.47527 2.60454 2.01482 1.56347 1.30215 1.11299 0.926059 0.802882 0.695534 0.604513 0.533651 0.4675 0.414039 0.368965 0.332663 0.299862 0.27115 0.247316 0.225733 0.206647 0.187225 0.171949 0.160208 0.146126 0.135269 0.125386 0.116596 0.108106 0.100969 0.0949974 0.0889393 0.0835432 0.0785743 0.0740364 0.0698284 0.0659354 0.0624833 0.0592531 
6.79776 4.62813 3.40277 2.82258 2.01224 1.58012 1.35623 1.16568 0.97432 0.841081 0.724178 0.623789 0.548675 0.485849 0.429119 0.383506 0.341867 0.31202 0.282713 0.256311 0.234632 0.215321 0.197512 0.179564 0.165412 0.152631 0.141344 0.131105 0.121909 0.113567 0.105994 0.0986321 0.0929737 0.087251 0.0820918 0.0772013 0.073012 0.068908 0.0651922 0.0619309 
6.62212 4.83658 3.56176 2.79908 2.1357 1.64842 1.36773 1.19083 0.999546 0.87248 0.74184 0.649634 0.56794 0.500702 0.446722 0.398832 0.35685 0.319595 0.293038 0.266941 0.243013 0.22293 0.205558 0.188864 0.171882 0.159089 0.147256 0.136567 0.126875 0.118389 0.110408 0.103341 0.09637 0.0910247 0.0855206 0.0805138 0.0760164 0.0717471 0.067943 0.0643572 
6.92904 4.99661 3.76484 2.83824 2.1724 1.73513 1.42048 1.21353 1.0287 0.881325 0.775456 0.671384 0.5867 0.517872 0.465131 0.411502 0.369045 0.333963 0.299197 0.276003 0.252476 0.230594 0.212228 0.195851 0.176788 0.164876 0.153008 0.141973 0.132036 0.123068 0.114819 0.107247 0.100641 0.0945504 0.0888781 0.0837745 0.0789085 0.0745709 0.0704896 0.0668442 
7.13409 4.88399 3.72625 2.89474 2.30251 1.73273 1.43731 1.27455 1.07022 0.897052 0.791939 0.691384 0.604418 0.537254 0.476114 0.422277 0.38278 0.344807 0.312741 0.28435 0.257585 0.239221 0.218828 0.202277 0.187022 0.169279 0.158378 0.14716 0.136913 0.127605 0.119081 0.111385 0.104404 0.0979455 0.0920832 0.086756 0.0818524 0.0773535 0.0731342 0.0692549 
7.25616 5.34113 3.51645 2.66375 2.35518 1.90128 1.44917 1.26241 1.09371 0.937125 0.810155 0.710421 0.624741 0.555256 0.48865 0.436782 0.393604 0.356477 0.321131 0.29114 0.268374 0.243042 0.227087 0.208027 0.192597 0.178726 0.162156 0.152082 0.141627 0.132006 0.123286 0.115317 0.108001 0.101378 0.0952414 0.0897867 0.0846411 0.0799743 0.0757112 0.0716969 
7.48932 5.28615 3.55648 2.87456 2.31603 1.93372 1.52498 1.28595 1.15217 0.962433 0.817085 0.719811 0.640273 0.569609 0.50897 0.450787 0.404831 0.364148 0.33157 0.301175 0.272582 0.25276 0.233488 0.215264 0.198094 0.183846 0.170908 0.155532 0.146112 0.136337 0.127289 0.119114 0.111718 0.104732 0.0985251 0.0926867 0.087304 0.0825962 0.0780973 0.0739817 
7.30701 5.38746 3.78861 2.9537 2.39252 1.93714 1.54525 1.38694 1.17798 0.986973 0.849321 0.733995 0.656676 0.579082 0.522123 0.46398 0.416336 0.375211 0.341645 0.30836 0.282448 0.25676 0.238913 0.221245 0.20431 0.188813 0.175603 0.163523 0.149223 0.140183 0.131272 0.122791 0.115191 0.108156 0.101664 0.0956877 0.0901883 0.0850748 0.0805776 0.0762762 
7.93324 5.52491 3.83163 2.87007 2.49069 2.06054 1.57693 1.3235 1.20121 1.02558 0.87062 0.763603 0.658571 0.595645 0.535348 0.482628 0.42573 0.3853 0.349029 0.318692 0.289291 0.265946 0.244043 0.225873 0.209188 0.194275 0.180094 0.167812 0.156528 0.143051 0.134793 0.126461 0.11848 0.111274 0.104694 0.0985041 0.0929174 0.0877758 0.0828798 0.078472 
7.73301 5.7116 3.84453 3.03747 2.52082 2.09713 1.73173 1.42549 1.22652 1.06448 0.89377 0.804248 0.686994 0.609054 0.544422 0.490826 0.438696 0.394023 0.357516 0.324781 0.29624 0.272155 0.248932 0.231364 0.214337 0.198815 0.184927 0.171931 0.160272 0.149879 0.137208 0.129821 0.121879 0.114375 0.107545 0.101376 0.0955988 0.0902632 0.0853546 0.0807666 
7.85578 5.47049 4.2522 3.16376 2.59488 2.05861 1.70798 1.40547 1.26465 1.04846 0.914143 0.804081 0.693196 0.606572 0.554487 0.497949 0.455286 0.403506 0.365352 0.333118 0.304305 0.277716 0.256111 0.234451 0.219212 0.204127 0.189085 0.176288 0.16414 0.153569 0.143699 0.131912 0.124926 0.117498 0.110456 0.103992 0.0981895 0.0927902 0.0875989 0.0829408 
8.1035 5.6361 4.36218 3.358 2.7458 2.11339 1.65765 1.43977 1.25915 1.08448 0.935468 0.802386 0.720107 0.635711 0.560546 0.509564 0.461223 0.416981 0.37486 0.340082 0.310817 0.284848 0.261684 0.242056 0.223528 0.207974 0.193689 0.180143 0.168211 0.156957 0.147207 0.137914 0.127072 0.120315 0.113346 0.106808 0.100704 0.0950556 0.0899377 0.0851079 
7.73245 5.83308 4.34354 3.57176 2.69302 2.11792 1.68889 1.38636 1.30758 1.10173 0.952473 0.827397 0.726966 0.637659 0.577672 0.518689 0.469443 0.425714 0.383169 0.347746 0.318252 0.291344 0.267022 0.247045 0.227729 0.211609 0.195444 0.184256 0.171806 0.16067 0.150327 0.141142 0.131289 0.122431 0.116026 0.10935 0.1032 0.0974813 0.0921361 0.0872053 
7.71735 6.0891 4.46324 3.42681 2.76713 2.26736 1.7821 1.53145 1.31255 1.11167 0.972291 0.846715 0.738983 0.650492 0.588777 0.523613 0.477772 0.435428 0.393953 0.356539 0.324236 0.298195 0.273411 0.250969 0.233696 0.214444 0.201117 0.187557 0.175499 0.164103 0.153619 0.144022 0.134316 0.126216 0.117919 0.111864 0.105522 0.100682 0.094338 0.0893106 
7.64898 5.9431 4.53731 3.49695 2.86299 2.30883 1.82707 1.57529 1.28042 1.14978 0.986199 0.864869 0.755368 0.67908 0.590303 0.538634 0.484861 0.441959 0.402671 0.364254 0.331407 0.302723 0.278811 0.256783 0.237679 0.220844 0.203167 0.19125 0.178486 0.167009 0.156915 0.147043 0.138115 0.12995 0.121405 0.1136 0.10795 0.10188 0.0973096 0.0923165 
7.76571 5.98199 4.78483 3.49604 2.78494 2.22959 1.89723 1.52361 1.28638 1.15388 0.994044 0.885348 0.773597 0.686758 0.598347 0.545071 0.491224 0.449299 0.409964 0.372489 0.338496 0.308927 0.284704 0.261616 0.242057 0.224707 0.208848 0.194034 0.181978 0.17003 0.159548 0.150056 0.140842 0.131497 0.124786 0.115755 0.109547 0.104146 0.0984842 0.0933119 
8.27105 6.01599 4.50958 3.59628 2.95074 2.25478 1.85222 1.51411 1.28194 1.20241 1.01017 0.916638 0.78837 0.686692 0.614058 0.547783 0.491058 0.45428 0.414193 0.380247 0.344887 0.315854 0.289184 0.267399 0.246799 0.229047 0.213396 0.196992 0.184514 0.173282 0.162364 0.152296 0.143713 0.134865 0.126265 0.119958 0.111843 0.105672 0.100433 0.0952297 
8.29407 6.53289 4.77966 3.7379 3.00499 2.34263 2.00195 1.58116 1.39871 1.21203 1.03237 0.914082 0.796849 0.695796 0.632136 0.553687 0.506987 0.461172 0.421846 0.385342 0.353305 0.32142 0.296587 0.271947 0.251076 0.231828 0.21657 0.202113 0.186398 0.17594 0.165261 0.155073 0.145696 0.137684 0.129544 0.122167 0.115408 0.10773 0.102406 0.0970459 
8.45784 6.29101 4.84268 3.75749 2.92854 2.40094 1.95209 1.60076 1.40423 1.15665 1.04934 0.914696 0.819442 0.723875 0.640076 0.58607 0.518058 0.461776 0.426632 0.391308 0.35773 0.327495 0.30049 0.276547 0.255881 0.236331 0.2196 0.205497 0.191762 0.177405 0.16775 0.158202 0.148257 0.139415 0.132074 0.124384 0.117506 0.110822 0.103827 0.0988675 
8.77527 6.50376 4.90827 3.71894 3.03541 2.33939 2.01577 1.69456 1.41148 1.24511 1.05588 0.951573 0.82273 0.732501 0.643259 0.5671 0.515385 0.475211 0.431628 0.397012 0.364764 0.333533 0.305689 0.282437 0.259517 0.240704 0.224092 0.208353 0.194995 0.181263 0.169964 0.160217 0.151122 0.142168 0.1337 0.126733 0.119499 0.113114 0.10676 0.100207 
8.88441 6.25913 4.79656 3.61991 2.96955 2.46182 1.99614 1.73363 1.36318 1.28262 1.08355 0.942042 0.852031 0.742796 0.649193 0.590512 0.521629 0.482419 0.434475 0.402002 0.369912 0.338466 0.310424 0.286315 0.26355 0.24545 0.227177 0.211216 0.197802 0.185339 0.17237 0.162149 0.153034 0.144534 0.136167 0.128358 0.121566 0.11492 0.108991 0.102941 
9.21297 6.79695 5.09207 3.748 3.03729 2.46425 2.02221 1.75352 1.43168 1.25673 1.11272 0.98287 0.847433 0.751985 0.67383 0.599581 0.529749 0.481436 0.446939 0.406629 0.374315 0.345871 0.316378 0.289468 0.269112 0.248076 0.230831 0.214819 0.200469 0.187831 0.176194 0.164085 0.155002 0.146605 0.138334 0.130518 0.123413 0.116731 0.110596 0.105031 
9.15438 6.5294 5.01131 3.81125 3.06794 2.4668 2.16026 1.72272 1.4682 1.27518 1.08046 0.97649 0.851739 0.768057 0.678459 0.604324 0.53541 0.487684 0.451487 0.410422 0.380238 0.348993 0.32165 0.295612 0.271988 0.252082 0.234384 0.217743 0.203865 0.190352 0.178559 0.16763 0.156522 0.1484 0.140226 0.132524 0.125176 0.11868 0.112252 0.105606 
9.79094 6.62528 4.88587 3.95591 3.13468 2.58501 2.08375 1.75377 1.53702 1.28348 1.14216 0.989769 0.865006 0.789308 0.700906 0.614603 0.559454 0.493828 0.448761 0.412577 0.38435 0.353429 0.328395 0.300049 0.277489 0.25649 0.23737 0.221228 0.205869 0.192658 0.180977 0.169954 0.15987 0.15009 0.140479 0.134481 0.127081 0.119479 0.11413 0.108051 
9.4413 6.59063 4.94297 4.06273 3.1696 2.63379 2.17685 1.79585 1.51273 1.29784 1.12174 1.01154 0.907613 0.783717 0.696879 0.627 0.540126 0.498429 0.454633 0.422005 0.38763 0.356112 0.330038 0.306565 0.280431 0.25923 0.239971 0.223896 0.208929 0.195594 0.183445 0.172719 0.162138 0.151272 0.143692 0.134491 0.128706 0.121961 0.115571 0.10905 
9.455 7.02018 5.10956 3.83413 3.14603 2.6397 2.14109 1.81147 1.53807 1.28826 1.16352 1.00308 0.91066 0.792209 0.707955 0.632911 0.56 0.516239 0.459543 0.42586 0.389167 0.36314 0.333696 0.309804 0.285155 0.264111 0.24537 0.227428 0.212441 0.197653 0.186098 0.174471 0.164314 0.154622 0.14458 0.136204 0.130274 0.123442 0.117122 0.111221 
9.95655 6.90701 5.32147 3.9632 3.24971 2.69813 2.17467 1.87461 1.58739 1.35058 1.17737 1.00113 0.930206 0.81303 0.723411 0.647642 0.590964 0.524986 0.466175 0.426546 0.404936 0.365849 0.33629 0.311917 0.289993 0.266512 0.249479 0.230756 0.214336 0.200813 0.188197 0.176512 0.166276 0.156404 0.147927 0.139228 0.130325 0.125103 0.118514 0.112293 
10.217 6.96392 5.2535 4.13486 3.24466 2.70421 2.19335 1.84981 1.58242 1.37828 1.18042 1.04306 0.913713 0.805726 0.728775 0.650306 0.585156 0.527481 0.470864 0.438903 0.400964 0.36774 0.343078 0.313532 0.29252 0.270141 0.250871 0.23561 0.222156 0.203503 0.191531 0.178787 0.168411 0.158569 0.149468 0.141245 0.133303 0.124736 0.12021 0.113615 
9.66007 7.07356 5.07898 4.09488 3.34781 2.71662 2.17837 1.9125 1.60243 1.37419 1.20533 1.08221 0.912189 0.824664 0.745118 0.660758 0.591262 0.523821 0.486137 0.437751 0.394599 0.37352 0.34653 0.318093 0.294513 0.274495 0.253591 0.237068 0.220529 0.207047 0.193368 0.180614 0.170416 0.160414 0.151355 0.142705 0.133893 0.126454 0.119906 0.114591 
10.4748 6.63895 5.17367 4.17944 3.3443 2.74196 2.24755 1.81837 1.6058 1.38918 1.13698 1.07075 0.900258 0.826279 0.753056 0.671109 0.600002 0.544412 0.491554 0.449126 0.402656 0.385658 0.347835 0.324022 0.296328 0.27589 0.257107 0.238533 0.225175 0.21094 0.196997 0.183769 0.171856 0.162232 0.153199 0.144374 0.136585 0.129102 0.121354 0.115871 
9.17351 6.95187 5.22725 4.05089 3.25126 2.66398 2.30754 1.90031 1.61807 1.419 1.20593 1.0806 0.924912 0.83082 0.742243 0.685159 0.60982 0.548643 0.496188 0.45498 0.417658 0.381505 0.349784 0.327377 0.300927 0.279409 0.259632 0.238822 0.224309 0.211013 0.197261 0.185484 0.173688 0.163895 0.154752 0.146258 0.137919 0.130872 0.124007 0.116439 
10.7169 6.99874 5.25985 4.07708 3.31865 2.81955 2.30856 1.95982 1.61157 1.44295 1.19812 0.999944 0.935608 0.838822 0.754701 0.668805 0.619838 0.55533 0.493297 0.468541 0.427495 0.385301 0.349208 0.330056 0.306362 0.281298 0.261939 0.24182 0.225724 0.212794 0.203495 0.18743 0.176223 0.165527 0.156357 0.147767 0.139847 0.132154 0.125558 0.117735 
9.90651 7.02932 5.26067 4.1783 3.54325 2.82228 2.26903 2.00011 1.60828 1.41289 1.23331 1.01124 0.987837 0.857558 0.771438 0.696547 0.623819 0.561685 0.515853 0.46257 0.431696 0.389189 0.359197 0.33262 0.308757 0.284953 0.264836 0.246814 0.228409 0.214581 0.202113 0.189989 0.179673 0.167621 0.158183 0.149327 0.141273 0.133674 0.126831 0.120216 
9.7199 7.09424 5.07412 4.40778 3.51943 2.82874 2.28629 2.00945 1.6348 1.478 1.26443 1.02108 0.907395 0.871265 0.788745 0.70462 0.637905 0.568644 0.5166 0.466094 0.428255 0.395709 0.362639 0.335129 0.312147 0.290198 0.26745 0.249311 0.231593 0.216385 0.203807 0.191949 0.179765 0.169813 0.160598 0.150457 0.142896 0.135297 0.128076 0.123028 
10.0844 7.18228 5.09723 4.1396 3.3509 2.85612 2.32509 2.02561 1.71889 1.429 1.22608 1.03949 0.969963 0.865283 0.766075 0.696237 0.630918 0.578454 0.520846 0.471324 0.431536 0.397014 0.371815 0.333614 0.315405 0.29342 0.271496 0.25111 0.235107 0.21897 0.205464 0.193791 0.182155 0.17264 0.161437 0.152962 0.14419 0.136573 0.129411 0.12284 
10.3295 7.66496 5.12406 4.3188 3.31302 2.86681 2.35748 1.87658 1.76317 1.47621 1.28954 1.06035 1.0021 0.872109 0.745225 0.703607 0.641956 0.581418 0.525691 0.486036 0.420754 0.401176 0.368849 0.341565 0.317938 0.293053 0.2756 0.254593 0.236745 0.221755 0.207918 0.195058 0.185014 0.171851 0.16304 0.154298 0.145428 0.138219 0.130752 0.124302 
